[
  [
    [
      942,
      498,
      413,
      3373,
      100,
      0
    ],
    [
      50,
      0,
      49,
      0,
      0,
      0
    ]
  ],
  [
    [
      943,
      498,
      413,
      3373,
      100,
      0
    ],
    [
      0,
      0,
      0,
      0,
      0,
      0
    ]
  ],
  [
    [
      944,
      498,
      413,
      3374,
      100,
      0
    ],
    [
      0,
      0,
      0,
      0,
      0,
      0
    ]
  ],
  [
    [
      944,
      497,
      413,
      3374,
      100,
      0
    ],
    [
      0,
      49,
      0,
      0,
      0,
      0
    ]
  ],
  [
    [
      944,
      497,
      413,
      3374,
      100,
      0
    ],
    [
      0,
      0,
      0,
      0,
      0,
      0
    ]
  ],
  [
    [
      944,
      497,
      413,
      3374,
      100,
      0
    ],
    [
      0,
      0,
      0,
      0,
      49,
      0
    ]
  ],
  [
    [
      944,
      496,
      413,
      3374,
      99,
      0
    ],
    [
      0,
      0,
      0,
      0,
      0,
      0
    ]
  ],
  [
    [
      944,
      496,
      413,
      3374,
      99,
      0
    ],
    [
      0,
      0,
      0,
      0,
      0,
      0
    ]
  ],
  [
    [
      944,
      496,
      413,
      3374,
      99,
      0
    ],
    [
      0,
      0,
      0,
      0,
      0,
      0
    ]
  ],
  [
    [
      944,
      495,
      414,
      3374,
      99,
      0
    ],
    [
      0,
      0,
      0,
      0,
      0,
      0
    ]
  ],
  [
    [
      944,
      495,
      417,
      3376,
      95,
      0
    ],
    [
      0,
      0,
      0,
      50,
      49,
      0
    ]
  ],
  [
    [
      944,
      495,
      419,
      3381,
      93,
      0
    ],
    [
      0,
      0,
      50,
      50,
      49,
      0
    ]
  ],
  [
    [
      947,
      495,
      422,
      3383,
      93,
      0
    ],
    [
      50,
      0,
      100,
      0,
      0,
      0
    ]
  ],
  [
    [
      952,
      495,
      430,
      3386,
      92,
      0
    ],
    [
      100,
      0,
      50,
      50,
      49,
      0
    ]
  ],
  [
    [
      957,
      495,
      440,
      3389,
      89,
      0
    ],
    [
      100,
      0,
      150,
      50,
      49,
      0
    ]
  ],
  [
    [
      960,
      495,
      452,
      3390,
      86,
      0
    ],
    [
      0,
      0,
      150,
      0,
      49,
      0
    ]
  ],
  [
    [
      962,
      495,
      465,
      3391,
      83,
      0
    ],
    [
      50,
      0,
      150,
      50,
      49,
      0
    ]
  ],
  [
    [
      962,
      495,
      465,
      3391,
      83,
      0
    ],
    [
      100,
      0,
      200,
      100,
      49,
      0
    ]
  ],
  [
    [
      968,
      495,
      479,
      3396,
      81,
      0
    ],
    [
      100,
      0,
      300,
      50,
      49,
      0
    ]
  ],
  [
    [
      971,
      495,
      497,
      3400,
      79,
      0
    ],
    [
      100,
      0,
      300,
      50,
      49,
      0
    ]
  ],
  [
    [
      976,
      495,
      517,
      3405,
      77,
      0
    ],
    [
      50,
      0,
      200,
      100,
      49,
      0
    ]
  ],
  [
    [
      977,
      495,
      537,
      3411,
      77,
      0
    ],
    [
      0,
      0,
      250,
      100,
      0,
      0
    ]
  ],
  [
    [
      978,
      495,
      559,
      3418,
      76,
      0
    ],
    [
      0,
      0,
      300,
      50,
      0,
      0
    ]
  ],
  [
    [
      978,
      495,
      580,
      3425,
      74,
      0
    ],
    [
      0,
      0,
      300,
      100,
      0,
      0
    ]
  ],
  [
    [
      978,
      495,
      603,
      3433,
      74,
      0
    ],
    [
      0,
      0,
      300,
      100,
      0,
      0
    ]
  ],
  [
    [
      978,
      495,
      625,
      3440,
      73,
      0
    ],
    [
      0,
      0,
      300,
      150,
      0,
      0
    ]
  ],
  [
    [
      978,
      495,
      625,
      3440,
      73,
      0
    ],
    [
      0,
      0,
      300,
      50,
      0,
      0
    ]
  ],
  [
    [
      978,
      495,
      646,
      3450,
      73,
      0
    ],
    [
      0,
      0,
      300,
      100,
      0,
      0
    ]
  ],
  [
    [
      978,
      495,
      668,
      3457,
      73,
      0
    ],
    [
      0,
      0,
      300,
      100,
      0,
      0
    ]
  ],
  [
    [
      978,
      495,
      688,
      3467,
      73,
      0
    ],
    [
      0,
      0,
      300,
      100,
      0,
      0
    ]
  ],
  [
    [
      978,
      495,
      707,
      3477,
      73,
      0
    ],
    [
      0,
      0,
      250,
      100,
      0,
      0
    ]
  ],
  [
    [
      978,
      495,
      724,
      3488,
      72,
      0
    ],
    [
      0,
      0,
      200,
      150,
      0,
      0
    ]
  ],
  [
    [
      978,
      495,
      742,
      3501,
      71,
      0
    ],
    [
      0,
      0,
      200,
      150,
      49,
      0
    ]
  ],
  [
    [
      978,
      495,
      756,
      3516,
      71,
      0
    ],
    [
      0,
      0,
      200,
      200,
      0,
      0
    ]
  ],
  [
    [
      978,
      495,
      767,
      3532,
      71,
      0
    ],
    [
      0,
      0,
      150,
      200,
      0,
      0
    ]
  ],
  [
    [
      977,
      495,
      780,
      3548,
      71,
      0
    ],
    [
      0,
      0,
      150,
      250,
      0,
      0
    ]
  ],
  [
    [
      976,
      495,
      792,
      3565,
      71,
      0
    ],
    [
      0,
      0,
      150,
      300,
      0,
      0
    ]
  ],
  [
    [
      976,
      495,
      792,
      3565,
      71,
      0
    ],
    [
      0,
      0,
      200,
      200,
      0,
      0
    ]
  ],
  [
    [
      974,
      493,
      807,
      3580,
      71,
      0
    ],
    [
      0,
      49,
      200,
      250,
      0,
      0
    ]
  ],
  [
    [
      974,
      488,
      822,
      3595,
      71,
      0
    ],
    [
      0,
      49,
      200,
      250,
      0,
      0
    ]
  ],
  [
    [
      973,
      487,
      837,
      3611,
      71,
      0
    ],
    [
      0,
      0,
      200,
      250,
      0,
      0
    ]
  ],
  [
    [
      975,
      487,
      851,
      3626,
      72,
      0
    ],
    [
      50,
      0,
      150,
      200,
      50,
      0
    ]
  ],
  [
    [
      976,
      486,
      864,
      3641,
      72,
      0
    ],
    [
      0,
      49,
      200,
      250,
      0,
      0
    ]
  ],
  [
    [
      976,
      486,
      879,
      3656,
      72,
      0
    ],
    [
      0,
      0,
      200,
      250,
      0,
      0
    ]
  ],
  [
    [
      976,
      486,
      894,
      3670,
      72,
      0
    ],
    [
      0,
      0,
      200,
      200,
      0,
      0
    ]
  ],
  [
    [
      976,
      486,
      907,
      3685,
      72,
      0
    ],
    [
      0,
      0,
      200,
      200,
      0,
      0
    ]
  ],
  [
    [
      976,
      486,
      918,
      3700,
      72,
      0
    ],
    [
      0,
      0,
      150,
      200,
      0,
      0
    ]
  ],
  [
    [
      976,
      486,
      918,
      3700,
      72,
      0
    ],
    [
      0,
      0,
      100,
      200,
      50,
      0
    ]
  ],
  [
    [
      977,
      486,
      929,
      3715,
      73,
      0
    ],
    [
      0,
      0,
      100,
      200,
      50,
      0
    ]
  ],
  [
    [
      977,
      486,
      941,
      3730,
      73,
      0
    ],
    [
      0,
      0,
      150,
      150,
      0,
      0
    ]
  ],
  [
    [
      977,
      486,
      951,
      3743,
      74,
      0
    ],
    [
      0,
      0,
      200,
      150,
      0,
      0
    ]
  ],
  [
    [
      977,
      486,
      961,
      3756,
      74,
      0
    ],
    [
      0,
      0,
      100,
      150,
      0,
      0
    ]
  ],
  [
    [
      977,
      486,
      973,
      3768,
      74,
      0
    ],
    [
      0,
      0,
      150,
      200,
      0,
      0
    ]
  ],
  [
    [
      976,
      487,
      984,
      3778,
      73,
      0
    ],
    [
      0,
      50,
      150,
      150,
      0,
      0
    ]
  ],
  [
    [
      977,
      490,
      998,
      3786,
      73,
      0
    ],
    [
      0,
      50,
      200,
      50,
      0,
      0
    ]
  ],
  [
    [
      978,
      499,
      1009,
      3793,
      74,
      0
    ],
    [
      0,
      100,
      100,
      100,
      0,
      0
    ]
  ],
  [
    [
      978,
      499,
      1009,
      3793,
      74,
      0
    ],
    [
      50,
      100,
      200,
      100,
      0,
      0
    ]
  ],
  [
    [
      980,
      504,
      1023,
      3800,
      73,
      0
    ],
    [
      0,
      0,
      250,
      50,
      49,
      0
    ]
  ],
  [
    [
      980,
      508,
      1038,
      3804,
      72,
      0
    ],
    [
      0,
      0,
      250,
      50,
      49,
      0
    ]
  ],
  [
    [
      979,
      510,
      1053,
      3810,
      72,
      0
    ],
    [
      0,
      50,
      200,
      50,
      0,
      0
    ]
  ],
  [
    [
      978,
      512,
      1069,
      3817,
      72,
      0
    ],
    [
      0,
      0,
      200,
      150,
      0,
      0
    ]
  ],
  [
    [
      978,
      515,
      1083,
      3824,
      72,
      0
    ],
    [
      0,
      50,
      200,
      100,
      0,
      0
    ]
  ],
  [
    [
      978,
      518,
      1096,
      3834,
      72,
      0
    ],
    [
      0,
      50,
      200,
      150,
      0,
      0
    ]
  ],
  [
    [
      979,
      520,
      1107,
      3844,
      72,
      0
    ],
    [
      0,
      50,
      150,
      150,
      0,
      0
    ]
  ],
  [
    [
      979,
      522,
      1118,
      3856,
      74,
      0
    ],
    [
      0,
      50,
      100,
      150,
      50,
      0
    ]
  ],
  [
    [
      979,
      522,
      1118,
      3856,
      74,
      0
    ],
    [
      49,
      0,
      150,
      150,
      0,
      0
    ]
  ],
  [
    [
      977,
      522,
      1127,
      3869,
      74,
      0
    ],
    [
      0,
      49,
      100,
      250,
      0,
      0
    ]
  ],
  [
    [
      977,
      521,
      1135,
      3884,
      75,
      0
    ],
    [
      0,
      49,
      100,
      250,
      0,
      0
    ]
  ],
  [
    [
      976,
      520,
      1143,
      3899,
      76,
      0
    ],
    [
      49,
      0,
      50,
      200,
      50,
      0
    ]
  ],
  [
    [
      976,
      517,
      1150,
      3914,
      76,
      0
    ],
    [
      0,
      49,
      100,
      250,
      0,
      0
    ]
  ],
  [
    [
      977,
      515,
      1157,
      3929,
      77,
      0
    ],
    [
      0,
      49,
      100,
      250,
      0,
      0
    ]
  ],
  [
    [
      979,
      514,
      1164,
      3943,
      77,
      0
    ],
    [
      50,
      49,
      50,
      200,
      0,
      0
    ]
  ],
  [
    [
      980,
      514,
      1173,
      3957,
      77,
      0
    ],
    [
      50,
      0,
      150,
      150,
      0,
      0
    ]
  ],
  [
    [
      980,
      514,
      1182,
      3971,
      77,
      0
    ],
    [
      0,
      0,
      100,
      150,
      0,
      0
    ]
  ],
  [
    [
      980,
      514,
      1191,
      3985,
      77,
      0
    ],
    [
      0,
      0,
      150,
      200,
      0,
      0
    ]
  ],
  [
    [
      980,
      514,
      1200,
      3998,
      77,
      0
    ],
    [
      0,
      0,
      100,
      150,
      0,
      0
    ]
  ],
  [
    [
      980,
      514,
      1200,
      3998,
      77,
      0
    ],
    [
      0,
      0,
      100,
      150,
      0,
      0
    ]
  ],
  [
    [
      980,
      514,
      1209,
      4012,
      77,
      0
    ],
    [
      0,
      0,
      100,
      200,
      0,
      0
    ]
  ],
  [
    [
      980,
      514,
      1217,
      4023,
      77,
      0
    ],
    [
      0,
      0,
      100,
      150,
      0,
      0
    ]
  ],
  [
    [
      980,
      514,
      1226,
      4035,
      77,
      0
    ],
    [
      0,
      0,
      150,
      150,
      0,
      0
    ]
  ],
  [
    [
      980,
      513,
      1235,
      4045,
      77,
      0
    ],
    [
      0,
      0,
      100,
      100,
      0,
      0
    ]
  ],
  [
    [
      980,
      511,
      1246,
      4056,
      77,
      0
    ],
    [
      0,
      0,
      150,
      150,
      0,
      0
    ]
  ],
  [
    [
      982,
      511,
      1254,
      4067,
      77,
      0
    ],
    [
      0,
      0,
      150,
      150,
      0,
      0
    ]
  ],
  [
    [
      983,
      511,
      1263,
      4079,
      77,
      0
    ],
    [
      0,
      0,
      50,
      150,
      0,
      0
    ]
  ],
  [
    [
      984,
      511,
      1271,
      4090,
      77,
      0
    ],
    [
      0,
      0,
      150,
      150,
      0,
      0
    ]
  ],
  [
    [
      984,
      511,
      1271,
      4090,
      77,
      0
    ],
    [
      0,
      0,
      100,
      100,
      0,
      0
    ]
  ],
  [
    [
      984,
      511,
      1279,
      2,
      77,
      0
    ],
    [
      0,
      0,
      100,
      100,
      0,
      0
    ]
  ],
  [
    [
      984,
      511,
      1288,
      12,
      77,
      0
    ],
    [
      0,
      0,
      100,
      100,
      0,
      0
    ]
  ],
  [
    [
      984,
      511,
      1295,
      21,
      77,
      0
    ],
    [
      0,
      0,
      100,
      100,
      0,
      0
    ]
  ],
  [
    [
      984,
      511,
      1303,
      29,
      77,
      0
    ],
    [
      0,
      0,
      100,
      100,
      0,
      0
    ]
  ],
  [
    [
      984,
      511,
      1310,
      37,
      77,
      0
    ],
    [
      0,
      0,
      150,
      100,
      0,
      0
    ]
  ],
  [
    [
      984,
      511,
      1317,
      44,
      77,
      0
    ],
    [
      0,
      0,
      150,
      50,
      0,
      0
    ]
  ],
  [
    [
      984,
      511,
      1324,
      52,
      77,
      0
    ],
    [
      0,
      0,
      100,
      100,
      0,
      0
    ]
  ],
  [
    [
      984,
      511,
      1331,
      60,
      77,
      0
    ],
    [
      0,
      0,
      150,
      50,
      0,
      0
    ]
  ],
  [
    [
      984,
      511,
      1339,
      69,
      77,
      0
    ],
    [
      0,
      0,
      100,
      100,
      0,
      0
    ]
  ],
  [
    [
      985,
      511,
      1346,
      78,
      77,
      0
    ],
    [
      50,
      0,
      50,
      100,
      0,
      0
    ]
  ],
  [
    [
      985,
      511,
      1346,
      78,
      77,
      0
    ],
    [
      0,
      0,
      50,
      150,
      0,
      0
    ]
  ],
  [
    [
      985,
      511,
      1352,
      87,
      77,
      0
    ],
    [
      0,
      0,
      100,
      150,
      0,
      0
    ]
  ],
  [
    [
      985,
      511,
      1358,
      98,
      77,
      0
    ],
    [
      0,
      0,
      100,
      150,
      0,
      0
    ]
  ],
  [
    [
      985,
      510,
      1363,
      108,
      77,
      0
    ],
    [
      0,
      0,
      100,
      150,
      0,
      0
    ]
  ],
  [
    [
      985,
      510,
      1368,
      117,
      77,
      0
    ],
    [
      0,
      0,
      50,
      200,
      0,
      0
    ]
  ],
  [
    [
      985,
      510,
      1374,
      126,
      77,
      0
    ],
    [
      0,
      0,
      100,
      100,
      0,
      0
    ]
  ],
  [
    [
      985,
      510,
      1378,
      133,
      77,
      0
    ],
    [
      0,
      0,
      50,
      100,
      0,
      0
    ]
  ],
  [
    [
      985,
      510,
      1383,
      140,
      77,
      0
    ],
    [
      0,
      0,
      50,
      100,
      0,
      0
    ]
  ],
  [
    [
      985,
      510,
      1387,
      146,
      77,
      0
    ],
    [
      0,
      0,
      50,
      100,
      0,
      0
    ]
  ],
  [
    [
      985,
      510,
      1387,
      146,
      77,
      0
    ],
    [
      0,
      0,
      0,
      100,
      0,
      0
    ]
  ],
  [
    [
      985,
      510,
      1389,
      153,
      77,
      0
    ],
    [
      0,
      0,
      50,
      100,
      0,
      0
    ]
  ],
  [
    [
      985,
      510,
      1391,
      158,
      77,
      0
    ],
    [
      0,
      0,
      50,
      100,
      0,
      0
    ]
  ],
  [
    [
      985,
      510,
      1395,
      163,
      77,
      0
    ],
    [
      0,
      0,
      50,
      50,
      0,
      0
    ]
  ],
  [
    [
      985,
      510,
      1398,
      168,
      77,
      0
    ],
    [
      0,
      0,
      50,
      100,
      0,
      0
    ]
  ],
  [
    [
      985,
      510,
      1402,
      171,
      77,
      0
    ],
    [
      0,
      0,
      50,
      0,
      0,
      0
    ]
  ],
  [
    [
      985,
      510,
      1405,
      173,
      77,
      0
    ],
    [
      0,
      0,
      50,
      50,
      0,
      0
    ]
  ],
  [
    [
      985,
      510,
      1409,
      177,
      77,
      0
    ],
    [
      0,
      0,
      50,
      50,
      0,
      0
    ]
  ],
  [
    [
      985,
      510,
      1412,
      179,
      77,
      0
    ],
    [
      0,
      0,
      50,
      50,
      0,
      0
    ]
  ],
  [
    [
      985,
      510,
      1414,
      180,
      77,
      0
    ],
    [
      0,
      0,
      50,
      50,
      0,
      0
    ]
  ],
  [
    [
      985,
      510,
      1414,
      180,
      77,
      0
    ],
    [
      0,
      0,
      50,
      50,
      0,
      0
    ]
  ],
  [
    [
      985,
      510,
      1415,
      183,
      77,
      0
    ],
    [
      0,
      0,
      0,
      50,
      0,
      0
    ]
  ],
  [
    [
      985,
      510,
      1415,
      186,
      77,
      0
    ],
    [
      0,
      0,
      0,
      50,
      0,
      0
    ]
  ],
  [
    [
      985,
      510,
      1418,
      186,
      77,
      0
    ],
    [
      0,
      0,
      50,
      0,
      0,
      0
    ]
  ],
  [
    [
      985,
      510,
      1421,
      186,
      77,
      0
    ],
    [
      0,
      0,
      50,
      0,
      0,
      0
    ]
  ],
  [
    [
      985,
      510,
      1421,
      186,
      77,
      0
    ],
    [
      0,
      0,
      0,
      0,
      0,
      0
    ]
  ],
  [
    [
      983,
      510,
      1419,
      186,
      77,
      0
    ],
    [
      49,
      0,
      49,
      0,
      0,
      0
    ]
  ],
  [
    [
      980,
      511,
      1416,
      182,
      77,
      0
    ],
    [
      49,
      0,
      49,
      0,
      0,
      0
    ]
  ],
  [
    [
      980,
      512,
      1415,
      182,
      77,
      0
    ],
    [
      0,
      0,
      0,
      0,
      0,
      0
    ]
  ],
  [
    [
      979,
      512,
      1414,
      184,
      77,
      0
    ],
    [
      0,
      0,
      49,
      100,
      0,
      0
    ]
  ],
  [
    [
      979,
      512,
      1414,
      184,
      77,
      0
    ],
    [
      0,
      0,
      0,
      0,
      0,
      0
    ]
  ],
  [
    [
      979,
      512,
      1414,
      184,
      77,
      0
    ],
    [
      0,
      0,
      0,
      0,
      0,
      0
    ]
  ],
  [
    [
      979,
      512,
      1414,
      182,
      76,
      0
    ],
    [
      0,
      0,
      0,
      99,
      0,
      0
    ]
  ],
  [
    [
      979,
      515,
      1414,
      181,
      76,
      0
    ],
    [
      0,
      50,
      0,
      49,
      0,
      0
    ]
  ],
  [
    [
      979,
      524,
      1414,
      181,
      76,
      0
    ],
    [
      0,
      150,
      0,
      0,
      0,
      0
    ]
  ],
  [
    [
      978,
      533,
      1418,
      181,
      76,
      0
    ],
    [
      49,
      150,
      100,
      0,
      0,
      0
    ]
  ],
  [
    [
      976,
      541,
      1421,
      180,
      76,
      0
    ],
    [
      0,
      150,
      50,
      0,
      0,
      0
    ]
  ],
  [
    [
      973,
      552,
      1422,
      178,
      76,
      0
    ],
    [
      49,
      150,
      50,
      49,
      0,
      0
    ]
  ],
  [
    [
      972,
      562,
      1423,
      174,
      76,
      0
    ],
    [
      0,
      100,
      50,
      49,
      0,
      0
    ]
  ],
  [
    [
      971,
      572,
      1427,
      171,
      76,
      0
    ],
    [
      0,
      150,
      50,
      49,
      0,
      0
    ]
  ],
  [
    [
      971,
      572,
      1427,
      171,
      76,
      0
    ],
    [
      0,
      100,
      0,
      49,
      0,
      0
    ]
  ],
  [
    [
      970,
      581,
      1431,
      167,
      76,
      0
    ],
    [
      0,
      100,
      0,
      49,
      0,
      0
    ]
  ],
  [
    [
      967,
      590,
      1432,
      161,
      77,
      0
    ],
    [
      49,
      150,
      0,
      49,
      0,
      0
    ]
  ],
  [
    [
      964,
      602,
      1424,
      152,
      80,
      0
    ],
    [
      0,
      200,
      49,
      99,
      50,
      0
    ]
  ],
  [
    [
      962,
      615,
      1418,
      145,
      83,
      0
    ],
    [
      49,
      150,
      99,
      99,
      50,
      0
    ]
  ],
  [
    [
      960,
      626,
      1412,
      133,
      85,
      0
    ],
    [
      49,
      150,
      49,
      149,
      0,
      0
    ]
  ],
  [
    [
      956,
      636,
      1405,
      121,
      86,
      0
    ],
    [
      49,
      150,
      49,
      149,
      50,
      0
    ]
  ],
  [
    [
      955,
      646,
      1397,
      109,
      86,
      0
    ],
    [
      0,
      100,
      149,
      199,
      0,
      0
    ]
  ],
  [
    [
      954,
      656,
      1386,
      95,
      86,
      0
    ],
    [
      49,
      150,
      149,
      199,
      0,
      0
    ]
  ],
  [
    [
      954,
      656,
      1386,
      95,
      86,
      0
    ],
    [
      0,
      150,
      99,
      199,
      0,
      0
    ]
  ],
  [
    [
      954,
      666,
      1376,
      82,
      86,
      0
    ],
    [
      0,
      150,
      99,
      199,
      0,
      0
    ]
  ],
  [
    [
      954,
      674,
      1362,
      69,
      87,
      0
    ],
    [
      0,
      150,
      199,
      149,
      0,
      0
    ]
  ],
  [
    [
      954,
      682,
      1348,
      55,
      87,
      0
    ],
    [
      0,
      100,
      149,
      199,
      0,
      0
    ]
  ],
  [
    [
      954,
      689,
      1333,
      40,
      87,
      0
    ],
    [
      0,
      100,
      199,
      249,
      0,
      0
    ]
  ],
  [
    [
      954,
      696,
      1318,
      24,
      87,
      0
    ],
    [
      0,
      100,
      249,
      249,
      0,
      0
    ]
  ],
  [
    [
      954,
      702,
      1302,
      7,
      87,
      0
    ],
    [
      0,
      100,
      249,
      249,
      0,
      0
    ]
  ],
  [
    [
      954,
      708,
      1287,
      4086,
      87,
      0
    ],
    [
      0,
      100,
      199,
      249,
      0,
      0
    ]
  ],
  [
    [
      953,
      714,
      1272,
      4069,
      87,
      0
    ],
    [
      0,
      100,
      199,
      249,
      0,
      0
    ]
  ],
  [
    [
      952,
      719,
      1256,
      4052,
      87,
      0
    ],
    [
      0,
      100,
      249,
      199,
      0,
      0
    ]
  ],
  [
    [
      952,
      719,
      1256,
      4052,
      87,
      0
    ],
    [
      0,
      100,
      249,
      199,
      0,
      0
    ]
  ],
  [
    [
      950,
      724,
      1239,
      4034,
      87,
      0
    ],
    [
      49,
      100,
      249,
      199,
      0,
      0
    ]
  ],
  [
    [
      947,
      731,
      1221,
      4016,
      86,
      0
    ],
    [
      0,
      100,
      299,
      249,
      49,
      0
    ]
  ],
  [
    [
      945,
      738,
      1204,
      3999,
      86,
      0
    ],
    [
      0,
      100,
      199,
      199,
      0,
      0
    ]
  ],
  [
    [
      945,
      744,
      1187,
      3981,
      86,
      0
    ],
    [
      0,
      50,
      199,
      249,
      0,
      0
    ]
  ],
  [
    [
      944,
      751,
      1171,
      3964,
      86,
      0
    ],
    [
      0,
      100,
      199,
      249,
      0,
      0
    ]
  ],
  [
    [
      944,
      758,
      1155,
      3948,
      86,
      0
    ],
    [
      0,
      100,
      199,
      249,
      0,
      0
    ]
  ],
  [
    [
      944,
      765,
      1140,
      3930,
      86,
      0
    ],
    [
      0,
      100,
      149,
      249,
      0,
      0
    ]
  ],
  [
    [
      944,
      773,
      1125,
      3914,
      87,
      0
    ],
    [
      0,
      50,
      149,
      299,
      0,
      0
    ]
  ],
  [
    [
      942,
      779,
      1111,
      3897,
      87,
      0
    ],
    [
      0,
      100,
      249,
      249,
      0,
      0
    ]
  ],
  [
    [
      942,
      779,
      1111,
      3897,
      87,
      0
    ],
    [
      49,
      100,
      249,
      299,
      0,
      0
    ]
  ],
  [
    [
      941,
      784,
      1096,
      3879,
      87,
      0
    ],
    [
      49,
      100,
      249,
      299,
      0,
      0
    ]
  ],
  [
    [
      939,
      790,
      1081,
      3860,
      87,
      0
    ],
    [
      0,
      100,
      249,
      249,
      0,
      0
    ]
  ],
  [
    [
      938,
      796,
      1065,
      3842,
      87,
      0
    ],
    [
      0,
      50,
      249,
      199,
      0,
      0
    ]
  ],
  [
    [
      937,
      801,
      1050,
      3823,
      87,
      0
    ],
    [
      0,
      100,
      249,
      249,
      0,
      0
    ]
  ],
  [
    [
      937,
      807,
      1032,
      3805,
      87,
      0
    ],
    [
      0,
      100,
      249,
      249,
      0,
      0
    ]
  ],
  [
    [
      937,
      813,
      1015,
      3787,
      87,
      0
    ],
    [
      0,
      50,
      249,
      249,
      0,
      0
    ]
  ],
  [
    [
      937,
      818,
      997,
      3768,
      86,
      0
    ],
    [
      0,
      50,
      199,
      249,
      0,
      0
    ]
  ],
  [
    [
      937,
      823,
      980,
      3750,
      86,
      0
    ],
    [
      0,
      100,
      199,
      249,
      0,
      0
    ]
  ],
  [
    [
      937,
      829,
      963,
      3733,
      86,
      0
    ],
    [
      0,
      100,
      199,
      249,
      0,
      0
    ]
  ],
  [
    [
      937,
      835,
      946,
      3715,
      85,
      0
    ],
    [
      0,
      50,
      199,
      199,
      49,
      0
    ]
  ],
  [
    [
      937,
      835,
      946,
      3715,
      85,
      0
    ],
    [
      0,
      50,
      249,
      249,
      0,
      0
    ]
  ],
  [
    [
      937,
      839,
      930,
      3698,
      85,
      0
    ],
    [
      0,
      50,
      249,
      249,
      0,
      0
    ]
  ],
  [
    [
      937,
      843,
      914,
      3679,
      85,
      0
    ],
    [
      0,
      0,
      249,
      199,
      0,
      0
    ]
  ],
  [
    [
      937,
      846,
      898,
      3662,
      85,
      0
    ],
    [
      0,
      50,
      199,
      249,
      0,
      0
    ]
  ],
  [
    [
      937,
      848,
      882,
      3645,
      85,
      0
    ],
    [
      0,
      0,
      249,
      199,
      0,
      0
    ]
  ],
  [
    [
      937,
      850,
      865,
      3628,
      84,
      0
    ],
    [
      0,
      0,
      249,
      249,
      0,
      0
    ]
  ],
  [
    [
      937,
      852,
      846,
      3610,
      84,
      0
    ],
    [
      0,
      50,
      249,
      249,
      0,
      0
    ]
  ],
  [
    [
      937,
      854,
      828,
      3591,
      84,
      0
    ],
    [
      0,
      50,
      249,
      299,
      0,
      0
    ]
  ],
  [
    [
      938,
      855,
      812,
      3573,
      84,
      0
    ],
    [
      0,
      0,
      249,
      299,
      0,
      0
    ]
  ],
  [
    [
      939,
      857,
      795,
      3554,
      84,
      0
    ],
    [
      50,
      50,
      249,
      249,
      0,
      0
    ]
  ],
  [
    [
      939,
      857,
      795,
      3554,
      84,
      0
    ],
    [
      0,
      50,
      249,
      299,
      0,
      0
    ]
  ],
  [
    [
      939,
      859,
      778,
      3533,
      84,
      0
    ],
    [
      0,
      0,
      249,
      299,
      0,
      0
    ]
  ],
  [
    [
      940,
      860,
      762,
      3513,
      84,
      0
    ],
    [
      0,
      0,
      249,
      299,
      0,
      0
    ]
  ],
  [
    [
      941,
      861,
      746,
      3494,
      83,
      0
    ],
    [
      50,
      0,
      199,
      249,
      0,
      0
    ]
  ],
  [
    [
      940,
      861,
      728,
      3474,
      83,
      0
    ],
    [
      49,
      0,
      249,
      249,
      0,
      0
    ]
  ],
  [
    [
      939,
      862,
      711,
      3455,
      83,
      0
    ],
    [
      49,
      0,
      199,
      249,
      0,
      0
    ]
  ],
  [
    [
      938,
      862,
      693,
      3437,
      83,
      0
    ],
    [
      0,
      0,
      249,
      249,
      0,
      0
    ]
  ],
  [
    [
      938,
      862,
      676,
      3419,
      83,
      0
    ],
    [
      0,
      0,
      199,
      249,
      0,
      0
    ]
  ],
  [
    [
      938,
      862,
      661,
      3402,
      83,
      0
    ],
    [
      0,
      0,
      199,
      249,
      0,
      0
    ]
  ],
  [
    [
      938,
      862,
      646,
      3386,
      83,
      0
    ],
    [
      0,
      0,
      199,
      249,
      0,
      0
    ]
  ],
  [
    [
      938,
      860,
      631,
      3372,
      82,
      0
    ],
    [
      0,
      0,
      199,
      199,
      49,
      0
    ]
  ],
  [
    [
      940,
      858,
      616,
      3357,
      82,
      0
    ],
    [
      50,
      49,
      199,
      199,
      0,
      0
    ]
  ],
  [
    [
      940,
      858,
      616,
      3357,
      82,
      0
    ],
    [
      0,
      49,
      199,
      149,
      0,
      0
    ]
  ],
  [
    [
      943,
      856,
      602,
      3344,
      81,
      0
    ],
    [
      0,
      49,
      199,
      149,
      0,
      0
    ]
  ],
  [
    [
      943,
      855,
      587,
      3330,
      81,
      0
    ],
    [
      0,
      49,
      199,
      149,
      0,
      0
    ]
  ],
  [
    [
      944,
      852,
      573,
      3316,
      81,
      0
    ],
    [
      0,
      49,
      149,
      199,
      0,
      0
    ]
  ],
  [
    [
      944,
      849,
      559,
      3301,
      79,
      0
    ],
    [
      0,
      49,
      199,
      199,
      49,
      0
    ]
  ],
  [
    [
      944,
      846,
      545,
      3286,
      78,
      0
    ],
    [
      0,
      49,
      199,
      199,
      0,
      0
    ]
  ],
  [
    [
      944,
      842,
      532,
      3272,
      78,
      0
    ],
    [
      0,
      0,
      149,
      199,
      0,
      0
    ]
  ],
  [
    [
      944,
      837,
      519,
      3258,
      78,
      0
    ],
    [
      0,
      49,
      199,
      249,
      0,
      0
    ]
  ],
  [
    [
      944,
      832,
      507,
      3242,
      78,
      0
    ],
    [
      0,
      99,
      199,
      149,
      0,
      0
    ]
  ],
  [
    [
      944,
      827,
      497,
      3227,
      78,
      0
    ],
    [
      0,
      99,
      149,
      199,
      0,
      0
    ]
  ],
  [
    [
      944,
      821,
      486,
      3212,
      78,
      0
    ],
    [
      0,
      49,
      99,
      199,
      0,
      0
    ]
  ],
  [
    [
      944,
      815,
      473,
      3197,
      78,
      0
    ],
    [
      0,
      49,
      199,
      249,
      0,
      0
    ]
  ],
  [
    [
      944,
      815,
      473,
      3197,
      78,
      0
    ],
    [
      0,
      49,
      199,
      249,
      0,
      0
    ]
  ],
  [
    [
      944,
      809,
      462,
      3183,
      78,
      0
    ],
    [
      0,
      49,
      149,
      199,
      0,
      0
    ]
  ],
  [
    [
      944,
      802,
      452,
      3169,
      78,
      0
    ],
    [
      0,
      99,
      149,
      199,
      0,
      0
    ]
  ],
  [
    [
      944,
      795,
      441,
      3156,
      78,
      0
    ],
    [
      0,
      99,
      99,
      199,
      0,
      0
    ]
  ],
  [
    [
      945,
      788,
      432,
      3143,
      78,
      0
    ],
    [
      0,
      99,
      99,
      199,
      0,
      0
    ]
  ],
  [
    [
      946,
      782,
      423,
      3131,
      78,
      0
    ],
    [
      50,
      99,
      99,
      199,
      0,
      0
    ]
  ],
  [
    [
      949,
      777,
      415,
      3120,
      78,
      0
    ],
    [
      50,
      49,
      99,
      149,
      0,
      0
    ]
  ],
  [
    [
      953,
      773,
      409,
      3111,
      78,
      0
    ],
    [
      50,
      49,
      49,
      99,
      0,
      0
    ]
  ],
  [
    [
      960,
      773,
      405,
      3105,
      78,
      0
    ],
    [
      100,
      0,
      49,
      99,
      0,
      0
    ]
  ],
  [
    [
      963,
      772,
      405,
      3101,
      78,
      0
    ],
    [
      50,
      0,
      0,
      49,
      0,
      0
    ]
  ],
  [
    [
      963,
      772,
      405,
      3101,
      78,
      0
    ],
    [
      50,
      50,
      0,
      0,
      0,
      0
    ]
  ],
  [
    [
      967,
      774,
      407,
      3098,
      79,
      0
    ],
    [
      50,
      50,
      0,
      0,
      0,
      0
    ]
  ],
  [
    [
      967,
      774,
      410,
      3098,
      80,
      0
    ],
    [
      0,
      0,
      50,
      0,
      50,
      0
    ]
  ],
  [
    [
      964,
      774,
      412,
      3098,
      81,
      0
    ],
    [
      49,
      0,
      0,
      0,
      0,
      0
    ]
  ],
  [
    [
      967,
      774,
      412,
      3102,
      83,
      0
    ],
    [
      100,
      0,
      0,
      100,
      50,
      0
    ]
  ],
  [
    [
      967,
      774,
      412,
      3103,
      84,
      0
    ],
    [
      0,
      0,
      0,
      0,
      0,
      0
    ]
  ],
  [
    [
      967,
      774,
      412,
      3104,
      85,
      0
    ],
    [
      0,
      0,
      0,
      0,
      0,
      0
    ]
  ],
  [
    [
      967,
      774,
      412,
      3104,
      87,
      0
    ],
    [
      0,
      0,
      0,
      0,
      50,
      0
    ]
  ],
  [
    [
      968,
      774,
      412,
      3104,
      90,
      0
    ],
    [
      0,
      0,
      0,
      0,
      50,
      0
    ]
  ],
  [
    [
      970,
      774,
      412,
      3100,
      93,
      0
    ],
    [
      0,
      0,
      0,
      99,
      50,
      0
    ]
  ],
  [
    [
      981,
      774,
      412,
      3099,
      94,
      0
    ],
    [
      150,
      0,
      0,
      49,
      0,
      0
    ]
  ],
  [
    [
      981,
      774,
      412,
      3099,
      94,
      0
    ],
    [
      250,
      0,
      0,
      0,
      0,
      0
    ]
  ],
  [
    [
      996,
      775,
      412,
      3099,
      94,
      0
    ],
    [
      250,
      0,
      0,
      0,
      0,
      0
    ]
  ],
  [
    [
      1014,
      775,
      412,
      3098,
      94,
      0
    ],
    [
      300,
      0,
      0,
      0,
      0,
      0
    ]
  ],
  [
    [
      1035,
      775,
      412,
      3098,
      94,
      0
    ],
    [
      250,
      0,
      0,
      0,
      0,
      0
    ]
  ],
  [
    [
      1057,
      775,
      413,
      3097,
      94,
      0
    ],
    [
      350,
      0,
      0,
      49,
      0,
      0
    ]
  ],
  [
    [
      1081,
      775,
      413,
      3096,
      94,
      0
    ],
    [
      300,
      0,
      0,
      0,
      0,
      0
    ]
  ],
  [
    [
      1105,
      775,
      415,
      3092,
      95,
      0
    ],
    [
      350,
      0,
      50,
      49,
      50,
      0
    ]
  ],
  [
    [
      1129,
      775,
      417,
      3089,
      95,
      0
    ],
    [
      350,
      0,
      50,
      0,
      0,
      0
    ]
  ],
  [
    [
      1156,
      775,
      418,
      3089,
      95,
      0
    ],
    [
      400,
      0,
      0,
      0,
      0,
      0
    ]
  ],
  [
    [
      1181,
      775,
      418,
      3089,
      95,
      0
    ],
    [
      300,
      0,
      0,
      0,
      0,
      0
    ]
  ],
  [
    [
      1181,
      775,
      418,
      3089,
      95,
      0
    ],
    [
      350,
      0,
      0,
      0,
      0,
      0
    ]
  ],
  [
    [
      1206,
      776,
      418,
      3088,
      95,
      0
    ],
    [
      400,
      0,
      49,
      49,
      0,
      0
    ]
  ],
  [
    [
      1233,
      776,
      414,
      3085,
      95,
      0
    ],
    [
      400,
      0,
      49,
      49,
      0,
      0
    ]
  ],
  [
    [
      1258,
      776,
      413,
      3082,
      95,
      0
    ],
    [
      350,
      0,
      0,
      0,
      0,
      0
    ]
  ],
  [
    [
      1283,
      776,
      413,
      3082,
      95,
      0
    ],
    [
      400,
      0,
      0,
      0,
      0,
      0
    ]
  ],
  [
    [
      1307,
      776,
      413,
      3082,
      96,
      0
    ],
    [
      350,
      0,
      0,
      0,
      0,
      0
    ]
  ],
  [
    [
      1331,
      776,
      413,
      3082,
      97,
      0
    ],
    [
      350,
      0,
      0,
      0,
      50,
      0
    ]
  ],
  [
    [
      1354,
      776,
      413,
      3082,
      98,
      0
    ],
    [
      300,
      0,
      0,
      0,
      0,
      0
    ]
  ],
  [
    [
      1377,
      776,
      412,
      3082,
      100,
      0
    ],
    [
      300,
      0,
      0,
      0,
      0,
      0
    ]
  ],
  [
    [
      1398,
      776,
      412,
      3082,
      101,
      0
    ],
    [
      300,
      0,
      0,
      0,
      0,
      0
    ]
  ],
  [
    [
      1416,
      776,
      411,
      3082,
      103,
      0
    ],
    [
      300,
      0,
      0,
      0,
      0,
      0
    ]
  ],
  [
    [
      1436,
      776,
      411,
      3082,
      106,
      0
    ],
    [
      300,
      0,
      0,
      0,
      100,
      0
    ]
  ],
  [
    [
      1459,
      777,
      413,
      3082,
      110,
      0
    ],
    [
      350,
      0,
      50,
      0,
      50,
      0
    ]
  ],
  [
    [
      1459,
      777,
      413,
      3082,
      110,
      0
    ],
    [
      350,
      0,
      50,
      0,
      50,
      0
    ]
  ],
  [
    [
      1477,
      778,
      417,
      3082,
      116,
      0
    ],
    [
      250,
      0,
      50,
      0,
      100,
      0
    ]
  ],
  [
    [
      1490,
      777,
      413,
      3082,
      123,
      0
    ],
    [
      200,
      49,
      99,
      0,
      100,
      0
    ]
  ],
  [
    [
      1497,
      775,
      412,
      3086,
      131,
      0
    ],
    [
      100,
      0,
      0,
      0,
      100,
      0
    ]
  ],
  [
    [
      1500,
      773,
      412,
      3086,
      136,
      0
    ],
    [
      50,
      49,
      0,
      0,
      50,
      0
    ]
  ],
  [
    [
      1502,
      772,
      412,
      3088,
      140,
      0
    ],
    [
      0,
      0,
      0,
      50,
      50,
      0
    ]
  ],
  [
    [
      1502,
      771,
      412,
      3088,
      141,
      0
    ],
    [
      0,
      0,
      0,
      0,
      0,
      0
    ]
  ],
  [
    [
      1502,
      770,
      410,
      3088,
      141,
      0
    ],
    [
      0,
      0,
      0,
      0,
      0,
      0
    ]
  ],
  [
    [
      1502,
      767,
      408,
      3088,
      142,
      0
    ],
    [
      0,
      49,
      49,
      0,
      0,
      0
    ]
  ],
  [
    [
      1512,
      769,
      403,
      3088,
      141,
      0
    ],
    [
      250,
      100,
      99,
      0,
      0,
      0
    ]
  ],
  [
    [
      1532,
      777,
      398,
      3088,
      141,
      0
    ],
    [
      300,
      150,
      99,
      50,
      0,
      0
    ]
  ],
  [
    [
      1532,
      777,
      398,
      3088,
      141,
      0
    ],
    [
      300,
      150,
      99,
      50,
      0,
      0
    ]
  ],
  [
    [
      1558,
      785,
      392,
      3084,
      141,
      0
    ],
    [
      350,
      150,
      49,
      99,
      0,
      0
    ]
  ],
  [
    [
      1585,
      792,
      387,
      3083,
      141,
      0
    ],
    [
      350,
      100,
      49,
      0,
      0,
      0
    ]
  ],
  [
    [
      1614,
      800,
      383,
      3083,
      140,
      0
    ],
    [
      450,
      100,
      99,
      0,
      49,
      0
    ]
  ],
  [
    [
      1637,
      806,
      379,
      3083,
      140,
      0
    ],
    [
      250,
      100,
      49,
      0,
      0,
      0
    ]
  ],
  [
    [
      1655,
      808,
      379,
      3083,
      139,
      0
    ],
    [
      250,
      50,
      0,
      0,
      49,
      0
    ]
  ],
  [
    [
      1672,
      808,
      379,
      3083,
      139,
      0
    ],
    [
      250,
      0,
      0,
      0,
      0,
      0
    ]
  ],
  [
    [
      1687,
      806,
      379,
      3083,
      139,
      0
    ],
    [
      200,
      49,
      0,
      0,
      0,
      0
    ]
  ],
  [
    [
      1703,
      805,
      379,
      3083,
      139,
      0
    ],
    [
      250,
      49,
      0,
      0,
      0,
      0
    ]
  ],
  [
    [
      1719,
      805,
      378,
      3083,
      139,
      0
    ],
    [
      250,
      0,
      0,
      0,
      0,
      0
    ]
  ],
  [
    [
      1719,
      805,
      378,
      3083,
      139,
      0
    ],
    [
      200,
      0,
      0,
      0,
      0,
      0
    ]
  ],
  [
    [
      1732,
      804,
      378,
      3083,
      139,
      0
    ],
    [
      200,
      0,
      0,
      0,
      0,
      0
    ]
  ],
  [
    [
      1742,
      804,
      377,
      3083,
      139,
      0
    ],
    [
      100,
      0,
      0,
      0,
      0,
      0
    ]
  ],
  [
    [
      1752,
      804,
      377,
      3083,
      139,
      0
    ],
    [
      100,
      0,
      0,
      0,
      0,
      0
    ]
  ],
  [
    [
      1761,
      804,
      376,
      3083,
      139,
      0
    ],
    [
      100,
      0,
      0,
      0,
      0,
      0
    ]
  ],
  [
    [
      1773,
      803,
      376,
      3083,
      139,
      0
    ],
    [
      200,
      0,
      0,
      0,
      0,
      0
    ]
  ],
  [
    [
      1782,
      803,
      376,
      3083,
      139,
      0
    ],
    [
      100,
      0,
      0,
      0,
      0,
      0
    ]
  ],
  [
    [
      1791,
      803,
      375,
      3083,
      139,
      0
    ],
    [
      100,
      0,
      0,
      0,
      0,
      0
    ]
  ],
  [
    [
      1801,
      803,
      375,
      3083,
      139,
      0
    ],
    [
      150,
      0,
      0,
      0,
      0,
      0
    ]
  ],
  [
    [
      1811,
      803,
      374,
      3083,
      139,
      0
    ],
    [
      150,
      0,
      0,
      0,
      0,
      0
    ]
  ],
  [
    [
      1811,
      803,
      374,
      3083,
      139,
      0
    ],
    [
      150,
      0,
      0,
      0,
      0,
      0
    ]
  ],
  [
    [
      1820,
      803,
      374,
      3083,
      139,
      0
    ],
    [
      150,
      50,
      0,
      0,
      0,
      0
    ]
  ],
  [
    [
      1831,
      806,
      374,
      3083,
      139,
      0
    ],
    [
      150,
      50,
      0,
      0,
      0,
      0
    ]
  ],
  [
    [
      1844,
      807,
      374,
      3083,
      139,
      0
    ],
    [
      200,
      50,
      0,
      0,
      0,
      0
    ]
  ],
  [
    [
      1857,
      809,
      374,
      3083,
      139,
      0
    ],
    [
      200,
      0,
      0,
      0,
      0,
      0
    ]
  ],
  [
    [
      1870,
      811,
      374,
      3083,
      139,
      0
    ],
    [
      150,
      50,
      0,
      0,
      0,
      0
    ]
  ],
  [
    [
      1883,
      812,
      374,
      3083,
      139,
      0
    ],
    [
      200,
      0,
      0,
      0,
      0,
      0
    ]
  ],
  [
    [
      1895,
      813,
      374,
      3083,
      139,
      0
    ],
    [
      150,
      0,
      0,
      0,
      0,
      0
    ]
  ],
  [
    [
      1908,
      814,
      374,
      3083,
      139,
      0
    ],
    [
      200,
      0,
      0,
      0,
      0,
      0
    ]
  ],
  [
    [
      1920,
      816,
      374,
      3083,
      139,
      0
    ],
    [
      150,
      50,
      0,
      0,
      0,
      0
    ]
  ],
  [
    [
      1934,
      817,
      374,
      3083,
      139,
      0
    ],
    [
      200,
      0,
      0,
      0,
      0,
      0
    ]
  ],
  [
    [
      1934,
      817,
      374,
      3083,
      139,
      0
    ],
    [
      200,
      0,
      0,
      0,
      0,
      0
    ]
  ],
  [
    [
      1961,
      818,
      374,
      3083,
      139,
      0
    ],
    [
      150,
      0,
      0,
      0,
      0,
      0
    ]
  ],
  [
    [
      1961,
      818,
      374,
      3083,
      139,
      0
    ],
    [
      150,
      0,
      0,
      0,
      0,
      0
    ]
  ],
  [
    [
      1973,
      818,
      374,
      3083,
      139,
      0
    ],
    [
      250,
      0,
      0,
      0,
      0,
      0
    ]
  ],
  [
    [
      1987,
      822,
      374,
      3083,
      139,
      0
    ],
    [
      200,
      50,
      0,
      0,
      0,
      0
    ]
  ],
  [
    [
      2001,
      827,
      374,
      3083,
      139,
      0
    ],
    [
      200,
      100,
      0,
      0,
      0,
      0
    ]
  ],
  [
    [
      2014,
      831,
      374,
      3083,
      139,
      0
    ],
    [
      150,
      50,
      0,
      0,
      0,
      0
    ]
  ],
  [
    [
      2027,
      835,
      374,
      3083,
      139,
      0
    ],
    [
      200,
      50,
      0,
      0,
      0,
      0
    ]
  ],
  [
    [
      2043,
      840,
      374,
      3083,
      139,
      0
    ],
    [
      250,
      50,
      0,
      0,
      0,
      0
    ]
  ],
  [
    [
      2058,
      845,
      374,
      3083,
      139,
      0
    ],
    [
      200,
      100,
      0,
      0,
      0,
      0
    ]
  ],
  [
    [
      2075,
      850,
      373,
      3083,
      139,
      0
    ],
    [
      200,
      50,
      0,
      0,
      0,
      0
    ]
  ],
  [
    [
      2094,
      855,
      373,
      3083,
      139,
      0
    ],
    [
      200,
      50,
      0,
      0,
      0,
      0
    ]
  ],
  [
    [
      2113,
      859,
      373,
      3083,
      139,
      0
    ],
    [
      300,
      50,
      0,
      0,
      0,
      0
    ]
  ],
  [
    [
      2113,
      859,
      373,
      3083,
      139,
      0
    ],
    [
      300,
      50,
      0,
      0,
      0,
      0
    ]
  ],
  [
    [
      2132,
      863,
      373,
      3083,
      139,
      0
    ],
    [
      300,
      50,
      0,
      0,
      0,
      0
    ]
  ],
  [
    [
      2147,
      865,
      373,
      3083,
      139,
      0
    ],
    [
      200,
      50,
      0,
      0,
      0,
      0
    ]
  ],
  [
    [
      2162,
      868,
      373,
      3083,
      139,
      0
    ],
    [
      200,
      0,
      0,
      0,
      0,
      0
    ]
  ],
  [
    [
      2176,
      869,
      373,
      3083,
      139,
      0
    ],
    [
      200,
      50,
      0,
      0,
      0,
      0
    ]
  ],
  [
    [
      2189,
      870,
      373,
      3083,
      139,
      0
    ],
    [
      200,
      50,
      0,
      0,
      0,
      0
    ]
  ],
  [
    [
      2201,
      870,
      374,
      3083,
      139,
      0
    ],
    [
      100,
      0,
      0,
      0,
      0,
      0
    ]
  ],
  [
    [
      2214,
      870,
      377,
      3083,
      139,
      0
    ],
    [
      200,
      0,
      50,
      0,
      0,
      0
    ]
  ],
  [
    [
      2229,
      874,
      379,
      3083,
      140,
      0
    ],
    [
      200,
      50,
      0,
      0,
      50,
      0
    ]
  ],
  [
    [
      2246,
      876,
      387,
      3083,
      140,
      0
    ],
    [
      250,
      50,
      150,
      0,
      0,
      0
    ]
  ],
  [
    [
      2246,
      876,
      387,
      3083,
      140,
      0
    ],
    [
      200,
      0,
      100,
      0,
      0,
      0
    ]
  ],
  [
    [
      2262,
      877,
      396,
      3083,
      140,
      0
    ],
    [
      200,
      0,
      100,
      0,
      0,
      0
    ]
  ],
  [
    [
      2281,
      878,
      405,
      3083,
      140,
      0
    ],
    [
      300,
      0,
      150,
      0,
      0,
      0
    ]
  ],
  [
    [
      2301,
      878,
      414,
      3083,
      140,
      0
    ],
    [
      300,
      0,
      150,
      0,
      0,
      0
    ]
  ],
  [
    [
      2320,
      879,
      420,
      3083,
      140,
      0
    ],
    [
      300,
      0,
      50,
      0,
      0,
      0
    ]
  ],
  [
    [
      2338,
      879,
      424,
      3083,
      140,
      0
    ],
    [
      250,
      0,
      50,
      0,
      0,
      0
    ]
  ],
  [
    [
      2359,
      880,
      428,
      3083,
      140,
      0
    ],
    [
      250,
      0,
      50,
      0,
      0,
      0
    ]
  ],
  [
    [
      2379,
      880,
      431,
      3083,
      140,
      0
    ],
    [
      300,
      0,
      50,
      0,
      0,
      0
    ]
  ],
  [
    [
      2379,
      880,
      431,
      3083,
      140,
      0
    ],
    [
      300,
      0,
      0,
      0,
      0,
      0
    ]
  ],
  [
    [
      2401,
      880,
      435,
      3083,
      140,
      0
    ],
    [
      300,
      0,
      100,
      0,
      0,
      0
    ]
  ],
  [
    [
      2422,
      880,
      439,
      3083,
      140,
      0
    ],
    [
      300,
      0,
      100,
      0,
      0,
      0
    ]
  ],
  [
    [
      2444,
      880,
      442,
      3083,
      140,
      0
    ],
    [
      300,
      0,
      0,
      0,
      0,
      0
    ]
  ],
  [
    [
      2466,
      880,
      443,
      3083,
      140,
      0
    ],
    [
      300,
      0,
      0,
      0,
      0,
      0
    ]
  ],
  [
    [
      2488,
      881,
      443,
      3083,
      140,
      0
    ],
    [
      300,
      0,
      0,
      0,
      0,
      0
    ]
  ],
  [
    [
      2509,
      881,
      442,
      3083,
      140,
      0
    ],
    [
      300,
      0,
      49,
      0,
      0,
      0
    ]
  ],
  [
    [
      2527,
      881,
      442,
      3083,
      140,
      0
    ],
    [
      200,
      0,
      0,
      0,
      0,
      0
    ]
  ],
  [
    [
      2545,
      881,
      440,
      3083,
      140,
      0
    ],
    [
      300,
      0,
      0,
      0,
      0,
      0
    ]
  ],
  [
    [
      2565,
      881,
      438,
      3083,
      140,
      0
    ],
    [
      250,
      0,
      49,
      0,
      0,
      0
    ]
  ],
  [
    [
      2565,
      881,
      438,
      3083,
      140,
      0
    ],
    [
      250,
      0,
      0,
      0,
      0,
      0
    ]
  ],
  [
    [
      2587,
      881,
      438,
      3083,
      140,
      0
    ],
    [
      250,
      0,
      0,
      0,
      0,
      0
    ]
  ],
  [
    [
      2609,
      881,
      438,
      3083,
      140,
      0
    ],
    [
      300,
      0,
      0,
      0,
      0,
      0
    ]
  ],
  [
    [
      2631,
      881,
      438,
      3083,
      140,
      0
    ],
    [
      300,
      0,
      0,
      0,
      0,
      0
    ]
  ],
  [
    [
      2656,
      881,
      438,
      3083,
      140,
      0
    ],
    [
      350,
      0,
      0,
      0,
      0,
      0
    ]
  ],
  [
    [
      2680,
      881,
      441,
      3083,
      140,
      0
    ],
    [
      300,
      0,
      50,
      0,
      0,
      0
    ]
  ],
  [
    [
      2705,
      881,
      442,
      3083,
      140,
      0
    ],
    [
      400,
      0,
      0,
      0,
      0,
      0
    ]
  ],
  [
    [
      2729,
      881,
      444,
      3083,
      140,
      0
    ],
    [
      300,
      0,
      50,
      0,
      0,
      0
    ]
  ],
  [
    [
      2756,
      879,
      449,
      3083,
      140,
      0
    ],
    [
      400,
      49,
      50,
      0,
      0,
      0
    ]
  ],
  [
    [
      2781,
      878,
      454,
      3082,
      140,
      0
    ],
    [
      300,
      49,
      100,
      0,
      0,
      0
    ]
  ],
  [
    [
      2781,
      878,
      454,
      3082,
      140,
      0
    ],
    [
      250,
      0,
      50,
      0,
      0,
      0
    ]
  ],
  [
    [
      2802,
      877,
      460,
      3082,
      140,
      0
    ],
    [
      250,
      0,
      50,
      0,
      0,
      0
    ]
  ],
  [
    [
      2823,
      876,
      466,
      3082,
      140,
      0
    ],
    [
      300,
      0,
      100,
      0,
      0,
      0
    ]
  ],
  [
    [
      2846,
      876,
      471,
      3082,
      140,
      0
    ],
    [
      300,
      0,
      100,
      0,
      0,
      0
    ]
  ],
  [
    [
      2869,
      876,
      477,
      3082,
      140,
      0
    ],
    [
      300,
      0,
      50,
      0,
      0,
      0
    ]
  ],
  [
    [
      2894,
      875,
      483,
      3082,
      140,
      0
    ],
    [
      350,
      0,
      100,
      0,
      0,
      0
    ]
  ],
  [
    [
      2917,
      874,
      491,
      3082,
      140,
      0
    ],
    [
      300,
      0,
      150,
      0,
      0,
      0
    ]
  ],
  [
    [
      2940,
      871,
      495,
      3082,
      140,
      0
    ],
    [
      300,
      49,
      50,
      0,
      0,
      0
    ]
  ],
  [
    [
      2961,
      868,
      499,
      3082,
      141,
      0
    ],
    [
      300,
      49,
      0,
      0,
      0,
      0
    ]
  ],
  [
    [
      2961,
      868,
      499,
      3082,
      141,
      0
    ],
    [
      250,
      99,
      100,
      0,
      0,
      0
    ]
  ],
  [
    [
      2975,
      861,
      504,
      3082,
      140,
      0
    ],
    [
      100,
      99,
      50,
      100,
      49,
      0
    ]
  ],
  [
    [
      2983,
      854,
      510,
      3087,
      137,
      0
    ],
    [
      50,
      49,
      100,
      50,
      0,
      0
    ]
  ],
  [
    [
      2990,
      848,
      515,
      3089,
      136,
      0
    ],
    [
      50,
      49,
      100,
      50,
      0,
      0
    ]
  ],
  [
    [
      2997,
      843,
      521,
      3090,
      136,
      0
    ],
    [
      100,
      99,
      100,
      0,
      0,
      0
    ]
  ],
  [
    [
      3005,
      839,
      525,
      3095,
      134,
      0
    ],
    [
      150,
      49,
      0,
      50,
      0,
      0
    ]
  ],
  [
    [
      3011,
      835,
      530,
      3099,
      130,
      0
    ],
    [
      50,
      49,
      100,
      50,
      99,
      0
    ]
  ],
  [
    [
      3019,
      830,
      536,
      3106,
      125,
      0
    ],
    [
      100,
      49,
      50,
      100,
      49,
      0
    ]
  ],
  [
    [
      3027,
      827,
      542,
      3112,
      117,
      0
    ],
    [
      150,
      49,
      50,
      100,
      149,
      0
    ]
  ],
  [
    [
      3035,
      824,
      548,
      3120,
      112,
      0
    ],
    [
      150,
      49,
      100,
      150,
      49,
      0
    ]
  ],
  [
    [
      3042,
      822,
      554,
      3128,
      106,
      0
    ],
    [
      150,
      49,
      100,
      100,
      99,
      0
    ]
  ],
  [
    [
      3042,
      822,
      554,
      3128,
      106,
      0
    ],
    [
      50,
      0,
      100,
      150,
      99,
      0
    ]
  ],
  [
    [
      3048,
      821,
      561,
      3137,
      100,
      0
    ],
    [
      50,
      0,
      100,
      100,
      99,
      0
    ]
  ],
  [
    [
      3053,
      820,
      569,
      3145,
      93,
      0
    ],
    [
      50,
      0,
      100,
      100,
      99,
      0
    ]
  ],
  [
    [
      3057,
      820,
      576,
      3152,
      88,
      0
    ],
    [
      50,
      0,
      100,
      100,
      49,
      0
    ]
  ],
  [
    [
      3058,
      820,
      582,
      3158,
      82,
      0
    ],
    [
      0,
      0,
      50,
      100,
      49,
      0
    ]
  ],
  [
    [
      3059,
      820,
      588,
      3166,
      78,
      0
    ],
    [
      50,
      0,
      100,
      100,
      99,
      0
    ]
  ],
  [
    [
      3061,
      820,
      594,
      3174,
      71,
      0
    ],
    [
      50,
      0,
      50,
      50,
      99,
      0
    ]
  ],
  [
    [
      3064,
      820,
      601,
      3181,
      65,
      0
    ],
    [
      50,
      0,
      100,
      100,
      99,
      0
    ]
  ],
  [
    [
      3066,
      821,
      607,
      3190,
      59,
      0
    ],
    [
      0,
      50,
      100,
      50,
      49,
      0
    ]
  ],
  [
    [
      3066,
      821,
      607,
      3190,
      59,
      0
    ],
    [
      50,
      0,
      50,
      100,
      49,
      0
    ]
  ],
  [
    [
      3069,
      821,
      613,
      3198,
      57,
      0
    ],
    [
      50,
      0,
      100,
      100,
      49,
      0
    ]
  ],
  [
    [
      3072,
      821,
      620,
      3206,
      55,
      0
    ],
    [
      50,
      0,
      100,
      100,
      49,
      0
    ]
  ],
  [
    [
      3074,
      822,
      624,
      3213,
      53,
      0
    ],
    [
      50,
      0,
      50,
      100,
      49,
      0
    ]
  ],
  [
    [
      3077,
      824,
      632,
      3222,
      52,
      0
    ],
    [
      0,
      50,
      150,
      150,
      0,
      0
    ]
  ],
  [
    [
      3081,
      828,
      639,
      3229,
      50,
      0
    ],
    [
      50,
      50,
      100,
      100,
      0,
      0
    ]
  ],
  [
    [
      3086,
      831,
      648,
      3238,
      49,
      0
    ],
    [
      50,
      50,
      150,
      150,
      0,
      0
    ]
  ],
  [
    [
      3090,
      836,
      656,
      3245,
      47,
      0
    ],
    [
      0,
      100,
      100,
      150,
      49,
      0
    ]
  ],
  [
    [
      3091,
      842,
      665,
      3253,
      46,
      0
    ],
    [
      50,
      100,
      150,
      100,
      0,
      0
    ]
  ],
  [
    [
      3093,
      851,
      672,
      3259,
      45,
      0
    ],
    [
      50,
      150,
      100,
      100,
      49,
      0
    ]
  ],
  [
    [
      3096,
      861,
      681,
      3266,
      44,
      0
    ],
    [
      0,
      150,
      150,
      150,
      0,
      0
    ]
  ],
  [
    [
      3096,
      861,
      681,
      3266,
      44,
      0
    ],
    [
      0,
      150,
      150,
      150,
      0,
      0
    ]
  ],
  [
    [
      3097,
      872,
      689,
      3272,
      44,
      0
    ],
    [
      50,
      150,
      100,
      100,
      0,
      0
    ]
  ],
  [
    [
      3097,
      883,
      699,
      3277,
      44,
      0
    ],
    [
      0,
      150,
      150,
      100,
      0,
      0
    ]
  ],
  [
    [
      3097,
      893,
      709,
      3284,
      44,
      0
    ],
    [
      0,
      150,
      100,
      100,
      0,
      0
    ]
  ],
  [
    [
      3097,
      904,
      719,
      3289,
      44,
      0
    ],
    [
      0,
      150,
      100,
      50,
      0,
      0
    ]
  ],
  [
    [
      3098,
      910,
      732,
      3294,
      43,
      0
    ],
    [
      0,
      100,
      150,
      50,
      0,
      0
    ]
  ],
  [
    [
      3100,
      915,
      745,
      3303,
      39,
      0
    ],
    [
      50,
      100,
      200,
      50,
      0,
      0
    ]
  ],
  [
    [
      3104,
      916,
      759,
      3310,
      36,
      0
    ],
    [
      100,
      0,
      200,
      100,
      49,
      0
    ]
  ],
  [
    [
      3106,
      916,
      775,
      3318,
      35,
      0
    ],
    [
      0,
      0,
      250,
      150,
      49,
      0
    ]
  ],
  [
    [
      3107,
      916,
      794,
      3325,
      33,
      0
    ],
    [
      50,
      0,
      250,
      150,
      49,
      0
    ]
  ],
  [
    [
      3107,
      916,
      794,
      3325,
      33,
      0
    ],
    [
      50,
      0,
      250,
      150,
      49,
      0
    ]
  ],
  [
    [
      3109,
      916,
      814,
      3334,
      31,
      0
    ],
    [
      50,
      0,
      250,
      150,
      49,
      0
    ]
  ],
  [
    [
      3113,
      916,
      831,
      3341,
      29,
      0
    ],
    [
      50,
      0,
      250,
      150,
      49,
      0
    ]
  ],
  [
    [
      3113,
      916,
      849,
      3350,
      26,
      0
    ],
    [
      0,
      0,
      250,
      150,
      0,
      0
    ]
  ],
  [
    [
      3115,
      916,
      867,
      3358,
      25,
      0
    ],
    [
      50,
      0,
      250,
      150,
      0,
      0
    ]
  ],
  [
    [
      3118,
      916,
      885,
      3367,
      23,
      0
    ],
    [
      50,
      0,
      250,
      150,
      49,
      0
    ]
  ],
  [
    [
      3122,
      916,
      902,
      3376,
      20,
      0
    ],
    [
      50,
      0,
      200,
      100,
      49,
      0
    ]
  ],
  [
    [
      3122,
      916,
      917,
      3386,
      17,
      0
    ],
    [
      0,
      0,
      200,
      100,
      49,
      0
    ]
  ],
  [
    [
      3125,
      916,
      932,
      3395,
      15,
      0
    ],
    [
      50,
      0,
      200,
      150,
      49,
      0
    ]
  ],
  [
    [
      3125,
      916,
      932,
      3395,
      15,
      0
    ],
    [
      50,
      0,
      150,
      150,
      0,
      0
    ]
  ],
  [
    [
      3129,
      916,
      946,
      3405,
      13,
      0
    ],
    [
      50,
      0,
      150,
      150,
      0,
      0
    ]
  ],
  [
    [
      3131,
      915,
      960,
      3416,
      11,
      0
    ],
    [
      50,
      49,
      200,
      150,
      0,
      0
    ]
  ],
  [
    [
      3135,
      914,
      972,
      3425,
      9,
      0
    ],
    [
      50,
      0,
      150,
      100,
      49,
      0
    ]
  ],
  [
    [
      3137,
      913,
      984,
      3436,
      7,
      0
    ],
    [
      0,
      49,
      150,
      150,
      0,
      0
    ]
  ],
  [
    [
      3138,
      911,
      995,
      3449,
      6,
      0
    ],
    [
      0,
      49,
      200,
      200,
      0,
      0
    ]
  ],
  [
    [
      3140,
      908,
      1007,
      3459,
      4,
      0
    ],
    [
      0,
      0,
      150,
      100,
      0,
      0
    ]
  ],
  [
    [
      3143,
      905,
      1020,
      3470,
      3,
      0
    ],
    [
      50,
      49,
      150,
      150,
      0,
      0
    ]
  ],
  [
    [
      3145,
      901,
      1029,
      3481,
      2,
      0
    ],
    [
      0,
      99,
      200,
      150,
      0,
      0
    ]
  ],
  [
    [
      3145,
      901,
      1029,
      3481,
      2,
      0
    ],
    [
      0,
      49,
      150,
      150,
      0,
      0
    ]
  ],
  [
    [
      3146,
      896,
      1041,
      3491,
      2,
      0
    ],
    [
      0,
      49,
      150,
      150,
      0,
      0
    ]
  ],
  [
    [
      3147,
      892,
      1054,
      3502,
      2,
      0
    ],
    [
      50,
      49,
      200,
      100,
      0,
      0
    ]
  ],
  [
    [
      3148,
      886,
      1067,
      3514,
      2,
      0
    ],
    [
      0,
      99,
      200,
      200,
      0,
      0
    ]
  ],
  [
    [
      3148,
      881,
      1079,
      3525,
      2,
      0
    ],
    [
      0,
      99,
      150,
      200,
      0,
      0
    ]
  ],
  [
    [
      3147,
      876,
      1089,
      3537,
      4093,
      0
    ],
    [
      49,
      49,
      150,
      150,
      49,
      0
    ]
  ],
  [
    [
      3144,
      871,
      1100,
      3550,
      4092,
      0
    ],
    [
      0,
      99,
      150,
      150,
      0,
      0
    ]
  ],
  [
    [
      3142,
      867,
      1110,
      3564,
      4090,
      0
    ],
    [
      0,
      49,
      200,
      200,
      49,
      0
    ]
  ],
  [
    [
      3139,
      863,
      1119,
      3577,
      4088,
      0
    ],
    [
      49,
      49,
      150,
      200,
      49,
      0
    ]
  ],
  [
    [
      3138,
      859,
      1127,
      3589,
      4088,
      0
    ],
    [
      0,
      99,
      100,
      200,
      0,
      0
    ]
  ],
  [
    [
      3138,
      855,
      1135,
      3601,
      4088,
      0
    ],
    [
      0,
      49,
      100,
      150,
      0,
      0
    ]
  ],
  [
    [
      3138,
      855,
      1135,
      3601,
      4088,
      0
    ],
    [
      0,
      49,
      100,
      150,
      0,
      0
    ]
  ],
  [
    [
      3141,
      851,
      1142,
      3613,
      4088,
      0
    ],
    [
      50,
      49,
      100,
      100,
      0,
      0
    ]
  ],
  [
    [
      3143,
      849,
      1149,
      3623,
      4088,
      0
    ],
    [
      0,
      49,
      100,
      100,
      0,
      0
    ]
  ],
  [
    [
      3143,
      846,
      1155,
      3629,
      4088,
      0
    ],
    [
      0,
      49,
      100,
      100,
      0,
      0
    ]
  ],
  [
    [
      3144,
      845,
      1162,
      3635,
      4088,
      0
    ],
    [
      0,
      0,
      100,
      50,
      0,
      0
    ]
  ],
  [
    [
      3144,
      844,
      1171,
      3642,
      4088,
      0
    ],
    [
      0,
      0,
      100,
      100,
      0,
      0
    ]
  ],
  [
    [
      3144,
      843,
      1182,
      3645,
      4088,
      0
    ],
    [
      0,
      49,
      150,
      50,
      0,
      0
    ]
  ],
  [
    [
      3145,
      841,
      1193,
      3650,
      4088,
      0
    ],
    [
      0,
      49,
      150,
      50,
      0,
      0
    ]
  ],
  [
    [
      3146,
      840,
      1203,
      3657,
      4088,
      0
    ],
    [
      50,
      0,
      150,
      100,
      0,
      0
    ]
  ],
  [
    [
      3149,
      840,
      1210,
      3665,
      4088,
      0
    ],
    [
      0,
      0,
      100,
      150,
      0,
      0
    ]
  ],
  [
    [
      3152,
      838,
      1217,
      3677,
      4087,
      0
    ],
    [
      50,
      0,
      100,
      200,
      0,
      0
    ]
  ],
  [
    [
      3152,
      838,
      1217,
      3677,
      4087,
      0
    ],
    [
      50,
      49,
      100,
      250,
      0,
      0
    ]
  ],
  [
    [
      3154,
      834,
      1226,
      3691,
      4087,
      0
    ],
    [
      50,
      49,
      100,
      250,
      0,
      0
    ]
  ],
  [
    [
      3156,
      830,
      1235,
      3706,
      4087,
      0
    ],
    [
      50,
      49,
      100,
      250,
      0,
      0
    ]
  ],
  [
    [
      3157,
      824,
      1245,
      3721,
      4087,
      0
    ],
    [
      50,
      49,
      150,
      200,
      0,
      0
    ]
  ],
  [
    [
      3160,
      819,
      1254,
      3737,
      4087,
      0
    ],
    [
      0,
      49,
      200,
      250,
      0,
      0
    ]
  ],
  [
    [
      3162,
      814,
      1263,
      3750,
      4087,
      0
    ],
    [
      50,
      49,
      100,
      250,
      0,
      0
    ]
  ],
  [
    [
      3164,
      810,
      1273,
      3763,
      4087,
      0
    ],
    [
      0,
      49,
      100,
      200,
      0,
      0
    ]
  ],
  [
    [
      3166,
      806,
      1281,
      3775,
      4087,
      0
    ],
    [
      50,
      49,
      100,
      200,
      0,
      0
    ]
  ],
  [
    [
      3168,
      803,
      1291,
      3788,
      4087,
      0
    ],
    [
      0,
      49,
      100,
      150,
      0,
      0
    ]
  ],
  [
    [
      3169,
      799,
      1300,
      3800,
      4087,
      0
    ],
    [
      0,
      0,
      100,
      200,
      0,
      0
    ]
  ],
  [
    [
      3169,
      796,
      1309,
      3811,
      4087,
      0
    ],
    [
      0,
      49,
      100,
      150,
      0,
      0
    ]
  ],
  [
    [
      3169,
      796,
      1309,
      3811,
      4087,
      0
    ],
    [
      0,
      49,
      100,
      150,
      0,
      0
    ]
  ],
  [
    [
      3169,
      793,
      1317,
      3822,
      4087,
      0
    ],
    [
      0,
      49,
      150,
      100,
      0,
      0
    ]
  ],
  [
    [
      3169,
      790,
      1325,
      3834,
      4087,
      0
    ],
    [
      0,
      49,
      100,
      200,
      0,
      0
    ]
  ],
  [
    [
      3169,
      786,
      1335,
      3843,
      4087,
      0
    ],
    [
      0,
      49,
      150,
      200,
      0,
      0
    ]
  ],
  [
    [
      3170,
      784,
      1344,
      3853,
      4087,
      0
    ],
    [
      0,
      49,
      100,
      100,
      0,
      0
    ]
  ],
  [
    [
      3172,
      782,
      1353,
      3863,
      4087,
      0
    ],
    [
      50,
      0,
      150,
      100,
      0,
      0
    ]
  ],
  [
    [
      3175,
      780,
      1362,
      3874,
      4087,
      0
    ],
    [
      50,
      0,
      100,
      200,
      0,
      0
    ]
  ],
  [
    [
      3176,
      780,
      1372,
      3884,
      4087,
      0
    ],
    [
      0,
      0,
      100,
      150,
      0,
      0
    ]
  ],
  [
    [
      3176,
      781,
      1383,
      3892,
      4087,
      0
    ],
    [
      0,
      50,
      150,
      100,
      0,
      0
    ]
  ],
  [
    [
      3176,
      781,
      1383,
      3892,
      4087,
      0
    ],
    [
      0,
      0,
      200,
      50,
      0,
      0
    ]
  ],
  [
    [
      3176,
      782,
      1394,
      3899,
      4087,
      0
    ],
    [
      0,
      50,
      150,
      50,
      0,
      0
    ]
  ],
  [
    [
      3176,
      785,
      1408,
      3904,
      4087,
      0
    ],
    [
      0,
      50,
      150,
      50,
      0,
      0
    ]
  ],
  [
    [
      3176,
      790,
      1422,
      3909,
      4087,
      0
    ],
    [
      0,
      100,
      200,
      50,
      0,
      0
    ]
  ],
  [
    [
      3176,
      795,
      1436,
      3915,
      4087,
      0
    ],
    [
      0,
      50,
      200,
      100,
      0,
      0
    ]
  ],
  [
    [
      3176,
      800,
      1450,
      3919,
      4087,
      0
    ],
    [
      0,
      100,
      200,
      100,
      0,
      0
    ]
  ],
  [
    [
      3176,
      805,
      1464,
      3925,
      4087,
      0
    ],
    [
      0,
      50,
      200,
      100,
      0,
      0
    ]
  ],
  [
    [
      3176,
      808,
      1478,
      3930,
      4087,
      0
    ],
    [
      0,
      50,
      200,
      100,
      0,
      0
    ]
  ],
  [
    [
      3176,
      809,
      1492,
      3931,
      4087,
      0
    ],
    [
      0,
      0,
      200,
      0,
      0,
      0
    ]
  ],
  [
    [
      3176,
      812,
      1506,
      3931,
      4088,
      0
    ],
    [
      0,
      50,
      150,
      0,
      0,
      0
    ]
  ],
  [
    [
      3176,
      812,
      1506,
      3931,
      4088,
      0
    ],
    [
      0,
      0,
      150,
      0,
      0,
      0
    ]
  ],
  [
    [
      3176,
      814,
      1519,
      3931,
      4088,
      0
    ],
    [
      0,
      50,
      150,
      0,
      0,
      0
    ]
  ],
  [
    [
      3176,
      818,
      1530,
      3931,
      4088,
      0
    ],
    [
      0,
      50,
      150,
      0,
      0,
      0
    ]
  ],
  [
    [
      3176,
      822,
      1540,
      3931,
      4088,
      0
    ],
    [
      0,
      50,
      150,
      0,
      0,
      0
    ]
  ],
  [
    [
      3176,
      827,
      1550,
      3934,
      4088,
      0
    ],
    [
      0,
      50,
      150,
      50,
      0,
      0
    ]
  ],
  [
    [
      3176,
      830,
      1559,
      3939,
      4088,
      0
    ],
    [
      0,
      0,
      150,
      50,
      0,
      0
    ]
  ],
  [
    [
      3178,
      830,
      1570,
      3947,
      4088,
      0
    ],
    [
      0,
      0,
      150,
      100,
      0,
      0
    ]
  ],
  [
    [
      3181,
      830,
      1579,
      3958,
      4088,
      0
    ],
    [
      50,
      0,
      100,
      200,
      0,
      0
    ]
  ],
  [
    [
      3184,
      830,
      1587,
      3972,
      4088,
      0
    ],
    [
      0,
      0,
      100,
      150,
      0,
      0
    ]
  ],
  [
    [
      3184,
      830,
      1595,
      3985,
      4088,
      0
    ],
    [
      0,
      0,
      100,
      200,
      0,
      0
    ]
  ],
  [
    [
      3184,
      830,
      1602,
      3999,
      4089,
      0
    ],
    [
      0,
      0,
      100,
      150,
      0,
      0
    ]
  ],
  [
    [
      3184,
      831,
      1609,
      4012,
      4090,
      0
    ],
    [
      0,
      0,
      100,
      150,
      0,
      0
    ]
  ],
  [
    [
      3182,
      834,
      1615,
      4024,
      4090,
      0
    ],
    [
      49,
      0,
      100,
      150,
      0,
      0
    ]
  ],
  [
    [
      3182,
      834,
      1615,
      4024,
      4090,
      0
    ],
    [
      0,
      50,
      100,
      200,
      0,
      0
    ]
  ],
  [
    [
      3181,
      836,
      1621,
      4037,
      4091,
      0
    ],
    [
      0,
      50,
      100,
      200,
      0,
      0
    ]
  ],
  [
    [
      3181,
      838,
      1628,
      4050,
      4092,
      0
    ],
    [
      0,
      0,
      100,
      200,
      0,
      0
    ]
  ],
  [
    [
      3180,
      841,
      1633,
      4064,
      4093,
      0
    ],
    [
      0,
      50,
      50,
      150,
      0,
      0
    ]
  ],
  [
    [
      3179,
      844,
      1639,
      4079,
      4094,
      0
    ],
    [
      0,
      50,
      50,
      200,
      50,
      0
    ]
  ],
  [
    [
      3178,
      845,
      1645,
      4094,
      4094,
      0
    ],
    [
      0,
      0,
      100,
      150,
      0,
      0
    ]
  ],
  [
    [
      3178,
      845,
      1653,
      11,
      4094,
      0
    ],
    [
      0,
      0,
      50,
      200,
      0,
      0
    ]
  ],
  [
    [
      3178,
      845,
      1659,
      25,
      4095,
      0
    ],
    [
      0,
      0,
      100,
      200,
      50,
      0
    ]
  ],
  [
    [
      3178,
      844,
      1666,
      36,
      4095,
      0
    ],
    [
      0,
      0,
      50,
      150,
      0,
      0
    ]
  ],
  [
    [
      3178,
      843,
      1672,
      47,
      4095,
      0
    ],
    [
      0,
      0,
      100,
      100,
      0,
      0
    ]
  ],
  [
    [
      3177,
      842,
      1678,
      58,
      1,
      0
    ],
    [
      49,
      49,
      50,
      150,
      50,
      0
    ]
  ],
  [
    [
      3177,
      842,
      1678,
      58,
      1,
      0
    ],
    [
      0,
      0,
      100,
      150,
      50,
      0
    ]
  ],
  [
    [
      3177,
      842,
      1683,
      67,
      2,
      0
    ],
    [
      0,
      0,
      100,
      150,
      50,
      0
    ]
  ],
  [
    [
      3177,
      841,
      1690,
      78,
      2,
      0
    ],
    [
      0,
      0,
      100,
      100,
      0,
      0
    ]
  ],
  [
    [
      3177,
      841,
      1695,
      88,
      2,
      0
    ],
    [
      0,
      0,
      50,
      100,
      0,
      0
    ]
  ],
  [
    [
      3177,
      840,
      1701,
      98,
      3,
      0
    ],
    [
      0,
      49,
      50,
      150,
      0,
      0
    ]
  ],
  [
    [
      3177,
      840,
      1707,
      108,
      3,
      0
    ],
    [
      0,
      0,
      50,
      100,
      0,
      0
    ]
  ],
  [
    [
      3177,
      840,
      1712,
      115,
      4,
      0
    ],
    [
      0,
      0,
      100,
      150,
      0,
      0
    ]
  ],
  [
    [
      3177,
      840,
      1716,
      125,
      5,
      0
    ],
    [
      0,
      0,
      50,
      150,
      50,
      0
    ]
  ],
  [
    [
      3177,
      840,
      1721,
      133,
      5,
      0
    ],
    [
      0,
      0,
      50,
      100,
      0,
      0
    ]
  ],
  [
    [
      3177,
      840,
      1723,
      142,
      5,
      0
    ],
    [
      0,
      0,
      0,
      100,
      0,
      0
    ]
  ],
  [
    [
      3177,
      840,
      1723,
      142,
      5,
      0
    ],
    [
      0,
      0,
      50,
      150,
      0,
      0
    ]
  ],
  [
    [
      3177,
      839,
      1727,
      152,
      5,
      0
    ],
    [
      0,
      0,
      50,
      100,
      0,
      0
    ]
  ],
  [
    [
      3177,
      839,
      1730,
      162,
      5,
      0
    ],
    [
      0,
      0,
      50,
      100,
      0,
      0
    ]
  ],
  [
    [
      3177,
      839,
      1735,
      172,
      5,
      0
    ],
    [
      0,
      0,
      50,
      150,
      0,
      0
    ]
  ],
  [
    [
      3177,
      838,
      1740,
      181,
      5,
      0
    ],
    [
      0,
      0,
      0,
      50,
      0,
      0
    ]
  ],
  [
    [
      3177,
      838,
      1747,
      188,
      6,
      0
    ],
    [
      0,
      0,
      100,
      100,
      0,
      0
    ]
  ],
  [
    [
      3177,
      838,
      1754,
      194,
      6,
      0
    ],
    [
      0,
      0,
      150,
      150,
      0,
      0
    ]
  ],
  [
    [
      3177,
      838,
      1761,
      202,
      6,
      0
    ],
    [
      0,
      0,
      100,
      150,
      0,
      0
    ]
  ],
  [
    [
      3177,
      839,
      1767,
      209,
      6,
      0
    ],
    [
      0,
      0,
      100,
      100,
      0,
      0
    ]
  ],
  [
    [
      3177,
      839,
      1775,
      219,
      6,
      0
    ],
    [
      0,
      0,
      100,
      150,
      0,
      0
    ]
  ],
  [
    [
      3177,
      839,
      1775,
      219,
      6,
      0
    ],
    [
      0,
      0,
      50,
      150,
      0,
      0
    ]
  ],
  [
    [
      3177,
      839,
      1780,
      227,
      5,
      0
    ],
    [
      0,
      0,
      100,
      100,
      0,
      0
    ]
  ],
  [
    [
      3177,
      839,
      1787,
      236,
      5,
      0
    ],
    [
      0,
      0,
      100,
      100,
      0,
      0
    ]
  ],
  [
    [
      3177,
      839,
      1792,
      244,
      5,
      0
    ],
    [
      0,
      0,
      100,
      100,
      0,
      0
    ]
  ],
  [
    [
      3177,
      839,
      1798,
      253,
      5,
      0
    ],
    [
      0,
      0,
      50,
      50,
      0,
      0
    ]
  ],
  [
    [
      3176,
      840,
      1804,
      261,
      5,
      0
    ],
    [
      0,
      50,
      150,
      50,
      0,
      0
    ]
  ],
  [
    [
      3176,
      841,
      1810,
      267,
      5,
      0
    ],
    [
      0,
      0,
      100,
      100,
      0,
      0
    ]
  ],
  [
    [
      3175,
      847,
      1814,
      272,
      5,
      0
    ],
    [
      0,
      100,
      50,
      50,
      0,
      0
    ]
  ],
  [
    [
      3174,
      852,
      1821,
      275,
      5,
      0
    ],
    [
      0,
      100,
      100,
      50,
      0,
      0
    ]
  ],
  [
    [
      3174,
      857,
      1825,
      277,
      5,
      0
    ],
    [
      0,
      100,
      100,
      50,
      0,
      0
    ]
  ],
  [
    [
      3172,
      861,
      1828,
      281,
      5,
      0
    ],
    [
      49,
      0,
      50,
      100,
      0,
      0
    ]
  ],
  [
    [
      3171,
      862,
      1829,
      282,
      5,
      0
    ],
    [
      0,
      0,
      0,
      0,
      0,
      0
    ]
  ],
  [
    [
      3171,
      862,
      1829,
      282,
      5,
      0
    ],
    [
      0,
      0,
      49,
      0,
      0,
      0
    ]
  ],
  [
    [
      3170,
      862,
      1828,
      282,
      5,
      0
    ],
    [
      50,
      0,
      49,
      0,
      0,
      0
    ]
  ],
  [
    [
      3172,
      862,
      1825,
      282,
      5,
      0
    ],
    [
      50,
      0,
      49,
      0,
      0,
      0
    ]
  ],
  [
    [
      3172,
      862,
      1822,
      282,
      5,
      0
    ],
    [
      0,
      0,
      49,
      0,
      0,
      0
    ]
  ],
  [
    [
      3172,
      862,
      1822,
      282,
      5,
      0
    ],
    [
      0,
      0,
      0,
      0,
      0,
      0
    ]
  ],
  [
    [
      3172,
      860,
      1826,
      282,
      5,
      0
    ],
    [
      0,
      49,
      50,
      0,
      0,
      0
    ]
  ],
  [
    [
      3172,
      859,
      1826,
      282,
      4,
      0
    ],
    [
      0,
      49,
      0,
      0,
      49,
      0
    ]
  ],
  [
    [
      3172,
      859,
      1826,
      281,
      4,
      0
    ],
    [
      0,
      0,
      0,
      0,
      0,
      0
    ]
  ],
  [
    [
      3172,
      859,
      1824,
      279,
      4,
      0
    ],
    [
      0,
      0,
      0,
      0,
      0,
      0
    ]
  ],
  [
    [
      3172,
      859,
      1826,
      279,
      4,
      0
    ],
    [
      0,
      0,
      50,
      0,
      0,
      0
    ]
  ],
  [
    [
      3172,
      859,
      1826,
      278,
      4,
      0
    ],
    [
      0,
      0,
      0,
      0,
      0,
      0
    ]
  ],
  [
    [
      3172,
      858,
      1823,
      278,
      5,
      0
    ],
    [
      0,
      0,
      0,
      0,
      0,
      0
    ]
  ],
  [
    [
      3172,
      858,
      1822,
      278,
      5,
      0
    ],
    [
      0,
      0,
      0,
      0,
      0,
      0
    ]
  ],
  [
    [
      3172,
      858,
      1822,
      278,
      5,
      0
    ],
    [
      0,
      0,
      0,
      0,
      0,
      0
    ]
  ],
  [
    [
      3172,
      858,
      1822,
      278,
      5,
      0
    ],
    [
      0,
      0,
      0,
      0,
      0,
      0
    ]
  ],
  [
    [
      3172,
      857,
      1822,
      280,
      5,
      0
    ],
    [
      0,
      0,
      0,
      50,
      0,
      0
    ]
  ],
  [
    [
      3172,
      857,
      1822,
      281,
      5,
      0
    ],
    [
      0,
      0,
      0,
      0,
      0,
      0
    ]
  ],
  [
    [
      3172,
      857,
      1821,
      281,
      5,
      0
    ],
    [
      0,
      0,
      49,
      0,
      0,
      0
    ]
  ],
  [
    [
      3171,
      857,
      1821,
      281,
      5,
      0
    ],
    [
      0,
      0,
      0,
      0,
      0,
      0
    ]
  ],
  [
    [
      3171,
      857,
      1821,
      281,
      5,
      0
    ],
    [
      0,
      0,
      0,
      0,
      0,
      0
    ]
  ],
  [
    [
      3171,
      857,
      1821,
      281,
      5,
      0
    ],
    [
      0,
      0,
      0,
      0,
      0,
      0
    ]
  ],
  [
    [
      3170,
      857,
      1821,
      280,
      5,
      0
    ],
    [
      0,
      0,
      0,
      0,
      0,
      0
    ]
  ],
  [
    [
      3170,
      857,
      1821,
      281,
      5,
      0
    ],
    [
      0,
      0,
      0,
      50,
      0,
      0
    ]
  ],
  [
    [
      3170,
      857,
      1821,
      281,
      5,
      0
    ],
    [
      0,
      0,
      0,
      0,
      0,
      0
    ]
  ],
  [
    [
      3170,
      857,
      1821,
      281,
      5,
      0
    ],
    [
      0,
      0,
      0,
      0,
      0,
      0
    ]
  ],
  [
    [
      3170,
      857,
      1821,
      281,
      5,
      0
    ],
    [
      0,
      0,
      0,
      0,
      0,
      0
    ]
  ],
  [
    [
      3170,
      856,
      1822,
      281,
      5,
      0
    ],
    [
      0,
      0,
      0,
      0,
      0,
      0
    ]
  ],
  [
    [
      3170,
      856,
      1826,
      281,
      5,
      0
    ],
    [
      0,
      0,
      50,
      0,
      0,
      0
    ]
  ],
  [
    [
      3170,
      856,
      1827,
      278,
      5,
      0
    ],
    [
      0,
      0,
      50,
      49,
      0,
      0
    ]
  ],
  [
    [
      3169,
      856,
      1826,
      278,
      6,
      0
    ],
    [
      49,
      0,
      0,
      0,
      0,
      0
    ]
  ],
  [
    [
      3169,
      855,
      1822,
      279,
      6,
      0
    ],
    [
      0,
      0,
      0,
      0,
      0,
      0
    ]
  ],
  [
    [
      3170,
      855,
      1822,
      281,
      6,
      0
    ],
    [
      50,
      0,
      0,
      0,
      0,
      0
    ]
  ],
  [
    [
      3170,
      854,
      1822,
      281,
      6,
      0
    ],
    [
      0,
      49,
      0,
      0,
      0,
      0
    ]
  ],
  [
    [
      3170,
      853,
      1822,
      281,
      6,
      0
    ],
    [
      0,
      0,
      0,
      0,
      0,
      0
    ]
  ],
  [
    [
      3170,
      853,
      1822,
      281,
      6,
      0
    ],
    [
      0,
      49,
      0,
      0,
      0,
      0
    ]
  ],
  [
    [
      3170,
      851,
      1822,
      281,
      6,
      0
    ],
    [
      0,
      49,
      0,
      0,
      0,
      0
    ]
  ],
  [
    [
      3170,
      850,
      1824,
      281,
      6,
      0
    ],
    [
      0,
      0,
      50,
      0,
      0,
      0
    ]
  ],
  [
    [
      3170,
      849,
      1827,
      281,
      6,
      0
    ],
    [
      0,
      0,
      0,
      0,
      0,
      0
    ]
  ],
  [
    [
      3170,
      848,
      1827,
      281,
      6,
      0
    ],
    [
      0,
      0,
      0,
      0,
      0,
      0
    ]
  ],
  [
    [
      3170,
      848,
      1823,
      278,
      6,
      0
    ],
    [
      0,
      0,
      99,
      49,
      0,
      0
    ]
  ],
  [
    [
      3170,
      848,
      1822,
      278,
      6,
      0
    ],
    [
      0,
      0,
      0,
      0,
      0,
      0
    ]
  ],
  [
    [
      3170,
      848,
      1825,
      278,
      6,
      0
    ],
    [
      0,
      0,
      50,
      0,
      0,
      0
    ]
  ],
  [
    [
      3170,
      847,
      1827,
      278,
      6,
      0
    ],
    [
      0,
      0,
      50,
      0,
      0,
      0
    ]
  ],
  [
    [
      3170,
      846,
      1827,
      278,
      6,
      0
    ],
    [
      0,
      0,
      0,
      0,
      0,
      0
    ]
  ],
  [
    [
      3170,
      846,
      1827,
      278,
      6,
      0
    ],
    [
      0,
      0,
      0,
      0,
      0,
      0
    ]
  ],
  [
    [
      3170,
      845,
      1827,
      278,
      6,
      0
    ],
    [
      0,
      49,
      0,
      0,
      0,
      0
    ]
  ],
  [
    [
      3170,
      844,
      1827,
      277,
      6,
      0
    ],
    [
      0,
      49,
      0,
      0,
      0,
      0
    ]
  ],
  [
    [
      3170,
      844,
      1827,
      277,
      6,
      0
    ],
    [
      0,
      0,
      0,
      0,
      0,
      0
    ]
  ],
  [
    [
      3170,
      844,
      1827,
      277,
      6,
      0
    ],
    [
      0,
      0,
      0,
      0,
      0,
      0
    ]
  ],
  [
    [
      3170,
      844,
      1827,
      277,
      6,
      0
    ],
    [
      0,
      0,
      0,
      0,
      0,
      0
    ]
  ],
  [
    [
      3169,
      843,
      1827,
      277,
      6,
      0
    ],
    [
      0,
      0,
      0,
      0,
      0,
      0
    ]
  ],
  [
    [
      3169,
      842,
      1827,
      277,
      6,
      0
    ],
    [
      0,
      49,
      0,
      0,
      0,
      0
    ]
  ],
  [
    [
      3169,
      841,
      1827,
      277,
      6,
      0
    ],
    [
      0,
      0,
      0,
      0,
      0,
      0
    ]
  ],
  [
    [
      3168,
      840,
      1827,
      277,
      6,
      0
    ],
    [
      0,
      0,
      0,
      0,
      0,
      0
    ]
  ],
  [
    [
      3168,
      840,
      1827,
      277,
      6,
      0
    ],
    [
      0,
      0,
      0,
      0,
      0,
      0
    ]
  ],
  [
    [
      3166,
      839,
      1827,
      277,
      6,
      0
    ],
    [
      49,
      0,
      0,
      0,
      0,
      0
    ]
  ],
  [
    [
      3163,
      839,
      1827,
      277,
      6,
      0
    ],
    [
      0,
      49,
      0,
      0,
      0,
      0
    ]
  ],
  [
    [
      3162,
      838,
      1827,
      277,
      6,
      0
    ],
    [
      0,
      49,
      0,
      0,
      0,
      0
    ]
  ],
  [
    [
      3162,
      838,
      1827,
      277,
      6,
      0
    ],
    [
      0,
      0,
      0,
      0,
      0,
      0
    ]
  ],
  [
    [
      3162,
      838,
      1827,
      277,
      6,
      0
    ],
    [
      0,
      0,
      0,
      0,
      0,
      0
    ]
  ],
  [
    [
      3162,
      838,
      1827,
      277,
      6,
      0
    ],
    [
      0,
      0,
      0,
      0,
      0,
      0
    ]
  ],
  [
    [
      3162,
      838,
      1827,
      277,
      6,
      0
    ],
    [
      0,
      0,
      0,
      0,
      0,
      0
    ]
  ],
  [
    [
      3162,
      838,
      1827,
      277,
      6,
      0
    ],
    [
      0,
      0,
      0,
      0,
      0,
      0
    ]
  ],
  [
    [
      3162,
      838,
      1827,
      277,
      6,
      0
    ],
    [
      0,
      0,
      0,
      0,
      0,
      0
    ]
  ],
  [
    [
      3162,
      838,
      1827,
      277,
      6,
      0
    ],
    [
      0,
      0,
      0,
      0,
      0,
      0
    ]
  ],
  [
    [
      3162,
      838,
      1827,
      277,
      6,
      0
    ],
    [
      0,
      0,
      0,
      0,
      0,
      0
    ]
  ],
  [
    [
      3162,
      838,
      1827,
      277,
      6,
      0
    ],
    [
      0,
      0,
      0,
      0,
      0,
      0
    ]
  ],
  [
    [
      3162,
      838,
      1827,
      277,
      6,
      0
    ],
    [
      0,
      0,
      0,
      0,
      0,
      0
    ]
  ],
  [
    [
      3162,
      838,
      1827,
      277,
      6,
      0
    ],
    [
      0,
      0,
      0,
      0,
      0,
      0
    ]
  ],
  [
    [
      3162,
      838,
      1827,
      277,
      6,
      0
    ],
    [
      0,
      0,
      0,
      0,
      0,
      0
    ]
  ],
  [
    [
      3162,
      838,
      1827,
      277,
      6,
      0
    ],
    [
      0,
      0,
      0,
      0,
      0,
      0
    ]
  ],
  [
    [
      3162,
      838,
      1827,
      277,
      6,
      0
    ],
    [
      0,
      0,
      0,
      0,
      0,
      0
    ]
  ],
  [
    [
      3162,
      838,
      1827,
      277,
      6,
      0
    ],
    [
      0,
      0,
      0,
      0,
      0,
      0
    ]
  ],
  [
    [
      3162,
      838,
      1827,
      277,
      6,
      0
    ],
    [
      0,
      0,
      0,
      0,
      0,
      0
    ]
  ],
  [
    [
      3162,
      838,
      1827,
      277,
      6,
      0
    ],
    [
      0,
      0,
      0,
      0,
      0,
      0
    ]
  ],
  [
    [
      3162,
      838,
      1827,
      277,
      6,
      0
    ],
    [
      0,
      0,
      0,
      0,
      0,
      0
    ]
  ],
  [
    [
      3162,
      838,
      1827,
      277,
      6,
      0
    ],
    [
      0,
      0,
      0,
      0,
      0,
      0
    ]
  ],
  [
    [
      3162,
      838,
      1827,
      277,
      6,
      0
    ],
    [
      0,
      0,
      0,
      0,
      0,
      0
    ]
  ],
  [
    [
      3162,
      838,
      1827,
      277,
      6,
      0
    ],
    [
      0,
      0,
      0,
      0,
      0,
      0
    ]
  ],
  [
    [
      3162,
      838,
      1827,
      276,
      6,
      0
    ],
    [
      0,
      0,
      0,
      0,
      0,
      0
    ]
  ],
  [
    [
      3162,
      837,
      1827,
      276,
      6,
      0
    ],
    [
      0,
      0,
      0,
      0,
      0,
      0
    ]
  ],
  [
    [
      3162,
      837,
      1827,
      276,
      6,
      0
    ],
    [
      0,
      0,
      0,
      0,
      0,
      0
    ]
  ],
  [
    [
      3162,
      837,
      1827,
      276,
      6,
      0
    ],
    [
      0,
      0,
      0,
      0,
      0,
      0
    ]
  ],
  [
    [
      3162,
      837,
      1827,
      276,
      6,
      0
    ],
    [
      0,
      0,
      0,
      0,
      0,
      0
    ]
  ],
  [
    [
      3162,
      837,
      1827,
      276,
      6,
      0
    ],
    [
      0,
      0,
      0,
      0,
      0,
      0
    ]
  ],
  [
    [
      3162,
      837,
      1827,
      276,
      6,
      0
    ],
    [
      0,
      0,
      0,
      0,
      0,
      0
    ]
  ],
  [
    [
      3162,
      837,
      1827,
      276,
      6,
      0
    ],
    [
      0,
      0,
      0,
      0,
      0,
      0
    ]
  ],
  [
    [
      3162,
      837,
      1827,
      276,
      6,
      0
    ],
    [
      0,
      0,
      0,
      0,
      0,
      0
    ]
  ],
  [
    [
      3162,
      837,
      1827,
      276,
      6,
      0
    ],
    [
      0,
      0,
      0,
      0,
      0,
      0
    ]
  ],
  [
    [
      3162,
      837,
      1827,
      276,
      6,
      0
    ],
    [
      0,
      0,
      0,
      0,
      0,
      0
    ]
  ],
  [
    [
      3162,
      837,
      1827,
      276,
      6,
      0
    ],
    [
      0,
      0,
      0,
      0,
      0,
      0
    ]
  ],
  [
    [
      3162,
      837,
      1827,
      276,
      6,
      0
    ],
    [
      0,
      0,
      0,
      0,
      0,
      0
    ]
  ],
  [
    [
      3162,
      837,
      1827,
      276,
      6,
      0
    ],
    [
      0,
      0,
      0,
      0,
      0,
      0
    ]
  ],
  [
    [
      3162,
      837,
      1827,
      276,
      6,
      0
    ],
    [
      0,
      0,
      0,
      0,
      0,
      0
    ]
  ],
  [
    [
      3162,
      837,
      1827,
      273,
      6,
      0
    ],
    [
      0,
      0,
      0,
      49,
      0,
      0
    ]
  ],
  [
    [
      3162,
      837,
      1828,
      266,
      6,
      0
    ],
    [
      0,
      0,
      50,
      99,
      0,
      0
    ]
  ],
  [
    [
      3162,
      837,
      1828,
      266,
      6,
      0
    ],
    [
      0,
      0,
      50,
      99,
      0,
      0
    ]
  ],
  [
    [
      3162,
      837,
      1829,
      258,
      5,
      0
    ],
    [
      0,
      0,
      0,
      149,
      49,
      0
    ]
  ],
  [
    [
      3162,
      837,
      1831,
      247,
      4,
      0
    ],
    [
      0,
      0,
      50,
      99,
      0,
      0
    ]
  ],
  [
    [
      3162,
      837,
      1837,
      234,
      4,
      0
    ],
    [
      0,
      0,
      50,
      199,
      0,
      0
    ]
  ],
  [
    [
      3162,
      837,
      1841,
      221,
      4,
      0
    ],
    [
      0,
      0,
      0,
      149,
      0,
      0
    ]
  ],
  [
    [
      3162,
      837,
      1844,
      208,
      4,
      0
    ],
    [
      0,
      0,
      0,
      199,
      0,
      0
    ]
  ],
  [
    [
      3162,
      838,
      1846,
      195,
      4,
      0
    ],
    [
      0,
      50,
      0,
      199,
      0,
      0
    ]
  ],
  [
    [
      3160,
      839,
      1848,
      182,
      4,
      0
    ],
    [
      49,
      0,
      0,
      199,
      0,
      0
    ]
  ],
  [
    [
      3157,
      840,
      1852,
      169,
      4,
      0
    ],
    [
      49,
      50,
      100,
      149,
      0,
      0
    ]
  ],
  [
    [
      3154,
      841,
      1853,
      155,
      3,
      0
    ],
    [
      0,
      0,
      0,
      199,
      0,
      0
    ]
  ],
  [
    [
      3154,
      842,
      1853,
      143,
      3,
      0
    ],
    [
      0,
      50,
      0,
      149,
      0,
      0
    ]
  ],
  [
    [
      3154,
      842,
      1853,
      143,
      3,
      0
    ],
    [
      0,
      50,
      0,
      149,
      0,
      0
    ]
  ],
  [
    [
      3154,
      843,
      1853,
      132,
      3,
      0
    ],
    [
      0,
      0,
      0,
      149,
      0,
      0
    ]
  ],
  [
    [
      3153,
      843,
      1853,
      122,
      3,
      0
    ],
    [
      49,
      0,
      0,
      99,
      0,
      0
    ]
  ],
  [
    [
      3153,
      843,
      1853,
      114,
      4,
      0
    ],
    [
      0,
      0,
      0,
      99,
      0,
      0
    ]
  ],
  [
    [
      3153,
      843,
      1849,
      108,
      5,
      0
    ],
    [
      0,
      0,
      49,
      99,
      0,
      0
    ]
  ],
  [
    [
      3153,
      843,
      1848,
      107,
      6,
      0
    ],
    [
      0,
      0,
      0,
      0,
      50,
      0
    ]
  ],
  [
    [
      3153,
      843,
      1851,
      104,
      6,
      0
    ],
    [
      0,
      0,
      0,
      49,
      0,
      0
    ]
  ],
  [
    [
      3153,
      843,
      1852,
      101,
      6,
      0
    ],
    [
      0,
      0,
      0,
      99,
      0,
      0
    ]
  ],
  [
    [
      3153,
      843,
      1849,
      100,
      6,
      0
    ],
    [
      0,
      0,
      49,
      0,
      0,
      0
    ]
  ],
  [
    [
      3153,
      843,
      1849,
      100,
      6,
      0
    ],
    [
      0,
      0,
      0,
      0,
      0,
      0
    ]
  ]
]