[
  [
    [
      854,
      2862,
      3704,
      314,
      88,
      0
    ],
    [
      0,
      50,
      0,
      0,
      0,
      0
    ]
  ],
  [
    [
      854,
      2862,
      3704,
      314,
      88,
      0
    ],
    [
      0,
      0,
      0,
      0,
      0,
      0
    ]
  ],
  [
    [
      854,
      2863,
      3704,
      314,
      88,
      0
    ],
    [
      0,
      0,
      0,
      0,
      0,
      0
    ]
  ],
  [
    [
      854,
      2864,
      3704,
      314,
      88,
      0
    ],
    [
      0,
      0,
      0,
      0,
      0,
      0
    ]
  ],
  [
    [
      854,
      2865,
      3704,
      314,
      88,
      0
    ],
    [
      0,
      0,
      0,
      0,
      0,
      0
    ]
  ],
  [
    [
      855,
      2865,
      3704,
      314,
      88,
      0
    ],
    [
      0,
      0,
      0,
      0,
      0,
      0
    ]
  ],
  [
    [
      855,
      2865,
      3704,
      314,
      88,
      0
    ],
    [
      0,
      0,
      0,
      0,
      0,
      0
    ]
  ],
  [
    [
      855,
      2865,
      3704,
      314,
      88,
      0
    ],
    [
      0,
      0,
      0,
      0,
      0,
      0
    ]
  ],
  [
    [
      855,
      2865,
      3704,
      314,
      88,
      0
    ],
    [
      0,
      0,
      0,
      0,
      0,
      0
    ]
  ],
  [
    [
      855,
      2866,
      3704,
      314,
      88,
      0
    ],
    [
      0,
      0,
      0,
      0,
      0,
      0
    ]
  ],
  [
    [
      855,
      2866,
      3704,
      314,
      88,
      0
    ],
    [
      0,
      0,
      0,
      0,
      0,
      0
    ]
  ],
  [
    [
      855,
      2866,
      3704,
      314,
      88,
      0
    ],
    [
      0,
      0,
      0,
      0,
      0,
      0
    ]
  ],
  [
    [
      855,
      2866,
      3704,
      314,
      88,
      0
    ],
    [
      0,
      0,
      0,
      0,
      0,
      0
    ]
  ],
  [
    [
      855,
      2866,
      3704,
      314,
      88,
      0
    ],
    [
      0,
      0,
      0,
      0,
      0,
      0
    ]
  ],
  [
    [
      855,
      2866,
      3704,
      314,
      88,
      0
    ],
    [
      0,
      0,
      0,
      0,
      0,
      0
    ]
  ],
  [
    [
      855,
      2865,
      3704,
      314,
      88,
      0
    ],
    [
      0,
      0,
      0,
      0,
      0,
      0
    ]
  ],
  [
    [
      855,
      2863,
      3704,
      314,
      88,
      0
    ],
    [
      0,
      49,
      0,
      0,
      0,
      0
    ]
  ],
  [
    [
      855,
      2858,
      3704,
      314,
      88,
      0
    ],
    [
      0,
      99,
      0,
      0,
      0,
      0
    ]
  ],
  [
    [
      855,
      2850,
      3701,
      314,
      88,
      0
    ],
    [
      0,
      99,
      49,
      0,
      0,
      0
    ]
  ],
  [
    [
      855,
      2842,
      3698,
      314,
      89,
      0
    ],
    [
      0,
      99,
      49,
      0,
      0,
      0
    ]
  ],
  [
    [
      855,
      2832,
      3691,
      312,
      89,
      0
    ],
    [
      0,
      149,
      99,
      0,
      0,
      0
    ]
  ],
  [
    [
      855,
      2821,
      3684,
      310,
      89,
      0
    ],
    [
      0,
      149,
      99,
      0,
      0,
      0
    ]
  ],
  [
    [
      855,
      2809,
      3674,
      307,
      89,
      0
    ],
    [
      0,
      199,
      149,
      0,
      0,
      0
    ]
  ],
  [
    [
      855,
      2809,
      3674,
      307,
      89,
      0
    ],
    [
      0,
      199,
      149,
      0,
      0,
      0
    ]
  ],
  [
    [
      855,
      2795,
      3665,
      307,
      89,
      0
    ],
    [
      0,
      199,
      149,
      0,
      0,
      0
    ]
  ],
  [
    [
      855,
      2778,
      3655,
      306,
      89,
      0
    ],
    [
      0,
      199,
      149,
      49,
      0,
      0
    ]
  ],
  [
    [
      855,
      2760,
      3642,
      303,
      89,
      0
    ],
    [
      0,
      299,
      149,
      49,
      0,
      0
    ]
  ],
  [
    [
      855,
      2741,
      3629,
      299,
      89,
      0
    ],
    [
      0,
      249,
      199,
      99,
      0,
      0
    ]
  ],
  [
    [
      855,
      2721,
      3616,
      298,
      90,
      0
    ],
    [
      0,
      299,
      199,
      0,
      50,
      0
    ]
  ],
  [
    [
      855,
      2701,
      3602,
      295,
      91,
      0
    ],
    [
      0,
      299,
      149,
      49,
      50,
      0
    ]
  ],
  [
    [
      855,
      2680,
      3588,
      292,
      92,
      0
    ],
    [
      0,
      299,
      149,
      49,
      50,
      0
    ]
  ],
  [
    [
      855,
      2659,
      3573,
      291,
      94,
      0
    ],
    [
      0,
      299,
      199,
      0,
      50,
      0
    ]
  ],
  [
    [
      855,
      2659,
      3573,
      291,
      94,
      0
    ],
    [
      0,
      349,
      199,
      0,
      50,
      0
    ]
  ],
  [
    [
      855,
      2638,
      3556,
      289,
      95,
      0
    ],
    [
      0,
      299,
      199,
      49,
      0,
      0
    ]
  ],
  [
    [
      855,
      2617,
      3539,
      286,
      96,
      0
    ],
    [
      0,
      299,
      199,
      49,
      0,
      0
    ]
  ],
  [
    [
      855,
      2597,
      3522,
      283,
      97,
      0
    ],
    [
      0,
      299,
      199,
      49,
      0,
      0
    ]
  ],
  [
    [
      855,
      2575,
      3506,
      282,
      99,
      0
    ],
    [
      0,
      299,
      199,
      0,
      50,
      0
    ]
  ],
  [
    [
      855,
      2553,
      3490,
      279,
      100,
      0
    ],
    [
      0,
      299,
      199,
      49,
      0,
      0
    ]
  ],
  [
    [
      855,
      2532,
      3474,
      276,
      100,
      0
    ],
    [
      0,
      299,
      249,
      49,
      0,
      0
    ]
  ],
  [
    [
      855,
      2511,
      3456,
      276,
      101,
      0
    ],
    [
      0,
      249,
      249,
      0,
      50,
      0
    ]
  ],
  [
    [
      855,
      2489,
      3438,
      275,
      102,
      0
    ],
    [
      0,
      299,
      199,
      0,
      50,
      0
    ]
  ],
  [
    [
      855,
      2489,
      3438,
      275,
      102,
      0
    ],
    [
      0,
      299,
      199,
      0,
      0,
      0
    ]
  ],
  [
    [
      855,
      2468,
      3421,
      275,
      103,
      0
    ],
    [
      0,
      299,
      199,
      0,
      0,
      0
    ]
  ],
  [
    [
      855,
      2446,
      3404,
      275,
      105,
      0
    ],
    [
      0,
      299,
      299,
      0,
      0,
      0
    ]
  ],
  [
    [
      855,
      2424,
      3388,
      275,
      106,
      0
    ],
    [
      0,
      349,
      249,
      0,
      0,
      0
    ]
  ],
  [
    [
      855,
      2402,
      3370,
      275,
      107,
      0
    ],
    [
      0,
      299,
      249,
      0,
      50,
      0
    ]
  ],
  [
    [
      855,
      2379,
      3355,
      275,
      107,
      0
    ],
    [
      0,
      299,
      249,
      0,
      0,
      0
    ]
  ],
  [
    [
      855,
      2357,
      3342,
      274,
      109,
      0
    ],
    [
      0,
      299,
      199,
      49,
      0,
      0
    ]
  ],
  [
    [
      855,
      2335,
      3329,
      272,
      110,
      0
    ],
    [
      0,
      349,
      199,
      0,
      0,
      0
    ]
  ],
  [
    [
      855,
      2313,
      3316,
      268,
      111,
      0
    ],
    [
      0,
      299,
      149,
      49,
      0,
      0
    ]
  ],
  [
    [
      855,
      2293,
      3302,
      268,
      112,
      0
    ],
    [
      0,
      249,
      149,
      0,
      50,
      0
    ]
  ],
  [
    [
      855,
      2293,
      3302,
      268,
      112,
      0
    ],
    [
      0,
      249,
      199,
      0,
      0,
      0
    ]
  ],
  [
    [
      855,
      2276,
      3289,
      268,
      112,
      0
    ],
    [
      0,
      249,
      199,
      0,
      0,
      0
    ]
  ],
  [
    [
      855,
      2259,
      3276,
      268,
      112,
      0
    ],
    [
      0,
      249,
      199,
      0,
      0,
      0
    ]
  ],
  [
    [
      855,
      2244,
      3267,
      268,
      112,
      0
    ],
    [
      0,
      249,
      149,
      0,
      0,
      0
    ]
  ],
  [
    [
      855,
      2228,
      3256,
      268,
      112,
      0
    ],
    [
      0,
      199,
      149,
      0,
      0,
      0
    ]
  ],
  [
    [
      855,
      2214,
      3246,
      268,
      112,
      0
    ],
    [
      0,
      149,
      149,
      0,
      0,
      0
    ]
  ],
  [
    [
      855,
      2199,
      3238,
      268,
      112,
      0
    ],
    [
      0,
      249,
      99,
      0,
      0,
      0
    ]
  ],
  [
    [
      857,
      2184,
      3228,
      268,
      112,
      0
    ],
    [
      50,
      199,
      99,
      0,
      0,
      0
    ]
  ],
  [
    [
      860,
      2170,
      3220,
      268,
      112,
      0
    ],
    [
      50,
      199,
      99,
      0,
      0,
      0
    ]
  ],
  [
    [
      863,
      2155,
      3211,
      270,
      112,
      0
    ],
    [
      0,
      249,
      149,
      50,
      0,
      0
    ]
  ],
  [
    [
      864,
      2140,
      3202,
      271,
      112,
      0
    ],
    [
      0,
      199,
      149,
      0,
      0,
      0
    ]
  ],
  [
    [
      864,
      2140,
      3202,
      271,
      112,
      0
    ],
    [
      50,
      199,
      99,
      0,
      0,
      0
    ]
  ],
  [
    [
      865,
      2127,
      3192,
      272,
      112,
      0
    ],
    [
      50,
      199,
      199,
      0,
      0,
      0
    ]
  ],
  [
    [
      868,
      2114,
      3182,
      272,
      112,
      0
    ],
    [
      50,
      199,
      199,
      0,
      0,
      0
    ]
  ],
  [
    [
      870,
      2101,
      3172,
      272,
      112,
      0
    ],
    [
      0,
      199,
      149,
      0,
      0,
      0
    ]
  ],
  [
    [
      871,
      2089,
      3162,
      272,
      112,
      0
    ],
    [
      0,
      149,
      149,
      0,
      0,
      0
    ]
  ],
  [
    [
      872,
      2076,
      3152,
      272,
      112,
      0
    ],
    [
      0,
      199,
      149,
      0,
      0,
      0
    ]
  ],
  [
    [
      873,
      2060,
      3141,
      272,
      112,
      0
    ],
    [
      0,
      249,
      149,
      0,
      0,
      0
    ]
  ],
  [
    [
      875,
      2045,
      3130,
      272,
      112,
      0
    ],
    [
      0,
      249,
      149,
      0,
      0,
      0
    ]
  ],
  [
    [
      876,
      2030,
      3118,
      272,
      112,
      0
    ],
    [
      0,
      199,
      149,
      0,
      0,
      0
    ]
  ],
  [
    [
      879,
      2015,
      3107,
      272,
      112,
      0
    ],
    [
      0,
      199,
      149,
      0,
      0,
      0
    ]
  ],
  [
    [
      879,
      2000,
      3095,
      272,
      112,
      0
    ],
    [
      0,
      199,
      199,
      0,
      0,
      0
    ]
  ],
  [
    [
      879,
      2000,
      3095,
      272,
      112,
      0
    ],
    [
      0,
      199,
      199,
      0,
      0,
      0
    ]
  ],
  [
    [
      879,
      1986,
      3082,
      272,
      112,
      0
    ],
    [
      0,
      199,
      199,
      0,
      0,
      0
    ]
  ],
  [
    [
      879,
      1972,
      3068,
      273,
      112,
      0
    ],
    [
      0,
      199,
      149,
      0,
      0,
      0
    ]
  ],
  [
    [
      879,
      1957,
      3054,
      273,
      112,
      0
    ],
    [
      0,
      199,
      249,
      0,
      0,
      0
    ]
  ],
  [
    [
      879,
      1941,
      3040,
      273,
      112,
      0
    ],
    [
      0,
      249,
      199,
      0,
      0,
      0
    ]
  ],
  [
    [
      879,
      1925,
      3027,
      273,
      112,
      0
    ],
    [
      0,
      249,
      249,
      0,
      0,
      0
    ]
  ],
  [
    [
      879,
      1909,
      3014,
      273,
      113,
      0
    ],
    [
      0,
      249,
      199,
      0,
      0,
      0
    ]
  ],
  [
    [
      879,
      1895,
      2999,
      273,
      114,
      0
    ],
    [
      0,
      199,
      199,
      0,
      0,
      0
    ]
  ],
  [
    [
      879,
      1881,
      2985,
      273,
      117,
      0
    ],
    [
      0,
      199,
      149,
      0,
      50,
      0
    ]
  ],
  [
    [
      879,
      1867,
      2970,
      273,
      118,
      0
    ],
    [
      0,
      149,
      199,
      0,
      0,
      0
    ]
  ],
  [
    [
      879,
      1867,
      2970,
      273,
      118,
      0
    ],
    [
      0,
      149,
      149,
      0,
      0,
      0
    ]
  ],
  [
    [
      879,
      1853,
      2958,
      273,
      119,
      0
    ],
    [
      0,
      149,
      149,
      0,
      0,
      0
    ]
  ],
  [
    [
      879,
      1840,
      2946,
      273,
      122,
      0
    ],
    [
      0,
      199,
      149,
      0,
      50,
      0
    ]
  ],
  [
    [
      879,
      1826,
      2936,
      274,
      125,
      0
    ],
    [
      0,
      199,
      149,
      0,
      0,
      0
    ]
  ],
  [
    [
      879,
      1813,
      2926,
      274,
      129,
      0
    ],
    [
      0,
      199,
      99,
      0,
      50,
      0
    ]
  ],
  [
    [
      879,
      1799,
      2914,
      274,
      135,
      0
    ],
    [
      0,
      149,
      199,
      0,
      100,
      0
    ]
  ],
  [
    [
      879,
      1787,
      2904,
      274,
      144,
      0
    ],
    [
      0,
      149,
      149,
      0,
      100,
      0
    ]
  ],
  [
    [
      879,
      1774,
      2893,
      274,
      156,
      0
    ],
    [
      0,
      199,
      99,
      0,
      200,
      0
    ]
  ],
  [
    [
      879,
      1760,
      2883,
      274,
      169,
      0
    ],
    [
      0,
      199,
      149,
      0,
      150,
      0
    ]
  ],
  [
    [
      879,
      1745,
      2874,
      274,
      184,
      0
    ],
    [
      0,
      199,
      149,
      0,
      200,
      0
    ]
  ],
  [
    [
      879,
      1745,
      2874,
      274,
      184,
      0
    ],
    [
      0,
      249,
      149,
      0,
      250,
      0
    ]
  ],
  [
    [
      879,
      1730,
      2866,
      274,
      201,
      0
    ],
    [
      0,
      199,
      149,
      50,
      250,
      0
    ]
  ],
  [
    [
      879,
      1715,
      2858,
      277,
      220,
      0
    ],
    [
      0,
      199,
      149,
      50,
      250,
      0
    ]
  ],
  [
    [
      879,
      1700,
      2848,
      281,
      242,
      0
    ],
    [
      0,
      149,
      149,
      50,
      300,
      0
    ]
  ],
  [
    [
      879,
      1687,
      2837,
      283,
      264,
      0
    ],
    [
      0,
      199,
      149,
      50,
      300,
      0
    ]
  ],
  [
    [
      879,
      1674,
      2826,
      288,
      287,
      0
    ],
    [
      0,
      149,
      149,
      100,
      300,
      0
    ]
  ],
  [
    [
      879,
      1662,
      2813,
      291,
      313,
      0
    ],
    [
      0,
      149,
      149,
      50,
      400,
      0
    ]
  ],
  [
    [
      880,
      1650,
      2801,
      296,
      340,
      0
    ],
    [
      0,
      149,
      199,
      100,
      350,
      0
    ]
  ],
  [
    [
      883,
      1637,
      2788,
      298,
      364,
      0
    ],
    [
      50,
      199,
      199,
      0,
      350,
      0
    ]
  ],
  [
    [
      886,
      1623,
      2776,
      302,
      389,
      0
    ],
    [
      50,
      199,
      149,
      50,
      350,
      0
    ]
  ],
  [
    [
      887,
      1608,
      2764,
      306,
      416,
      0
    ],
    [
      0,
      199,
      199,
      0,
      400,
      0
    ]
  ],
  [
    [
      887,
      1594,
      2751,
      308,
      440,
      0
    ],
    [
      0,
      149,
      149,
      50,
      350,
      0
    ]
  ],
  [
    [
      887,
      1579,
      2739,
      311,
      463,
      0
    ],
    [
      0,
      199,
      149,
      50,
      300,
      0
    ]
  ],
  [
    [
      887,
      1579,
      2739,
      311,
      463,
      0
    ],
    [
      0,
      199,
      199,
      50,
      300,
      0
    ]
  ],
  [
    [
      887,
      1564,
      2725,
      314,
      486,
      0
    ],
    [
      0,
      199,
      199,
      50,
      300,
      0
    ]
  ],
  [
    [
      887,
      1550,
      2712,
      315,
      508,
      0
    ],
    [
      0,
      199,
      199,
      50,
      300,
      0
    ]
  ],
  [
    [
      887,
      1536,
      2698,
      318,
      528,
      0
    ],
    [
      0,
      199,
      149,
      50,
      250,
      0
    ]
  ],
  [
    [
      887,
      1522,
      2684,
      321,
      548,
      0
    ],
    [
      0,
      199,
      199,
      0,
      250,
      0
    ]
  ],
  [
    [
      887,
      1508,
      2671,
      322,
      568,
      0
    ],
    [
      0,
      199,
      149,
      0,
      300,
      0
    ]
  ],
  [
    [
      887,
      1494,
      2656,
      325,
      589,
      0
    ],
    [
      0,
      199,
      199,
      50,
      300,
      0
    ]
  ],
  [
    [
      887,
      1478,
      2643,
      328,
      608,
      0
    ],
    [
      0,
      199,
      199,
      0,
      250,
      0
    ]
  ],
  [
    [
      887,
      1463,
      2629,
      329,
      626,
      0
    ],
    [
      0,
      199,
      199,
      0,
      300,
      0
    ]
  ],
  [
    [
      883,
      1446,
      2615,
      329,
      643,
      0
    ],
    [
      99,
      249,
      149,
      0,
      200,
      0
    ]
  ],
  [
    [
      881,
      1427,
      2601,
      329,
      659,
      0
    ],
    [
      49,
      249,
      149,
      0,
      200,
      0
    ]
  ],
  [
    [
      881,
      1427,
      2601,
      329,
      659,
      0
    ],
    [
      0,
      299,
      149,
      0,
      200,
      0
    ]
  ],
  [
    [
      879,
      1409,
      2589,
      329,
      673,
      0
    ],
    [
      0,
      299,
      149,
      0,
      200,
      0
    ]
  ],
  [
    [
      875,
      1392,
      2577,
      329,
      686,
      0
    ],
    [
      99,
      249,
      199,
      0,
      200,
      0
    ]
  ],
  [
    [
      873,
      1374,
      2565,
      329,
      699,
      0
    ],
    [
      0,
      249,
      149,
      0,
      150,
      0
    ]
  ],
  [
    [
      872,
      1356,
      2552,
      329,
      711,
      0
    ],
    [
      49,
      249,
      199,
      0,
      150,
      0
    ]
  ],
  [
    [
      872,
      1339,
      2539,
      329,
      723,
      0
    ],
    [
      0,
      249,
      149,
      0,
      150,
      0
    ]
  ],
  [
    [
      871,
      1321,
      2526,
      329,
      732,
      0
    ],
    [
      0,
      249,
      199,
      0,
      100,
      0
    ]
  ],
  [
    [
      870,
      1305,
      2510,
      329,
      734,
      0
    ],
    [
      0,
      249,
      249,
      0,
      0,
      0
    ]
  ],
  [
    [
      869,
      1292,
      2495,
      325,
      730,
      0
    ],
    [
      0,
      149,
      199,
      0,
      99,
      0
    ]
  ],
  [
    [
      867,
      1280,
      2482,
      324,
      729,
      0
    ],
    [
      0,
      199,
      149,
      49,
      0,
      0
    ]
  ],
  [
    [
      865,
      1267,
      2470,
      324,
      729,
      0
    ],
    [
      49,
      199,
      149,
      0,
      0,
      0
    ]
  ],
  [
    [
      865,
      1267,
      2470,
      324,
      729,
      0
    ],
    [
      0,
      149,
      249,
      0,
      0,
      0
    ]
  ],
  [
    [
      864,
      1256,
      2457,
      324,
      729,
      0
    ],
    [
      0,
      199,
      99,
      0,
      0,
      0
    ]
  ],
  [
    [
      864,
      1242,
      2445,
      324,
      729,
      0
    ],
    [
      0,
      199,
      199,
      0,
      0,
      0
    ]
  ],
  [
    [
      864,
      1228,
      2433,
      324,
      729,
      0
    ],
    [
      0,
      199,
      199,
      0,
      0,
      0
    ]
  ],
  [
    [
      864,
      1211,
      2420,
      324,
      729,
      0
    ],
    [
      0,
      199,
      199,
      0,
      0,
      0
    ]
  ],
  [
    [
      870,
      1194,
      2407,
      325,
      733,
      0
    ],
    [
      0,
      299,
      199,
      50,
      50,
      0
    ]
  ],
  [
    [
      871,
      1174,
      2394,
      327,
      737,
      0
    ],
    [
      0,
      299,
      199,
      0,
      50,
      0
    ]
  ],
  [
    [
      872,
      1157,
      2381,
      327,
      742,
      0
    ],
    [
      0,
      199,
      149,
      0,
      100,
      0
    ]
  ],
  [
    [
      870,
      1140,
      2366,
      328,
      751,
      0
    ],
    [
      49,
      199,
      199,
      0,
      150,
      0
    ]
  ],
  [
    [
      866,
      1123,
      2352,
      329,
      763,
      0
    ],
    [
      49,
      249,
      199,
      50,
      200,
      0
    ]
  ],
  [
    [
      865,
      1106,
      2338,
      329,
      776,
      0
    ],
    [
      0,
      249,
      249,
      0,
      200,
      0
    ]
  ],
  [
    [
      865,
      1106,
      2338,
      329,
      776,
      0
    ],
    [
      0,
      199,
      199,
      0,
      150,
      0
    ]
  ],
  [
    [
      864,
      1090,
      2324,
      330,
      788,
      0
    ],
    [
      0,
      199,
      249,
      50,
      200,
      0
    ]
  ],
  [
    [
      863,
      1076,
      2308,
      334,
      800,
      0
    ],
    [
      0,
      199,
      249,
      50,
      200,
      0
    ]
  ],
  [
    [
      863,
      1062,
      2293,
      339,
      815,
      0
    ],
    [
      0,
      199,
      249,
      50,
      150,
      0
    ]
  ],
  [
    [
      863,
      1048,
      2276,
      343,
      830,
      0
    ],
    [
      0,
      199,
      249,
      50,
      150,
      0
    ]
  ],
  [
    [
      863,
      1034,
      2259,
      347,
      845,
      0
    ],
    [
      0,
      199,
      249,
      50,
      200,
      0
    ]
  ],
  [
    [
      863,
      1021,
      2243,
      353,
      859,
      0
    ],
    [
      0,
      199,
      199,
      100,
      150,
      0
    ]
  ],
  [
    [
      861,
      1008,
      2227,
      355,
      868,
      0
    ],
    [
      49,
      199,
      199,
      50,
      100,
      0
    ]
  ],
  [
    [
      856,
      993,
      2214,
      359,
      874,
      0
    ],
    [
      49,
      199,
      249,
      50,
      50,
      0
    ]
  ],
  [
    [
      850,
      979,
      2201,
      362,
      880,
      0
    ],
    [
      99,
      199,
      149,
      0,
      100,
      0
    ]
  ],
  [
    [
      845,
      967,
      2188,
      362,
      888,
      0
    ],
    [
      99,
      149,
      149,
      0,
      150,
      0
    ]
  ],
  [
    [
      845,
      967,
      2188,
      362,
      888,
      0
    ],
    [
      99,
      149,
      199,
      0,
      100,
      0
    ]
  ],
  [
    [
      840,
      955,
      2174,
      363,
      895,
      0
    ],
    [
      99,
      149,
      199,
      0,
      100,
      0
    ]
  ],
  [
    [
      839,
      942,
      2163,
      367,
      902,
      0
    ],
    [
      49,
      149,
      149,
      50,
      100,
      0
    ]
  ],
  [
    [
      837,
      929,
      2151,
      369,
      906,
      0
    ],
    [
      49,
      199,
      199,
      0,
      50,
      0
    ]
  ],
  [
    [
      835,
      917,
      2139,
      371,
      910,
      0
    ],
    [
      0,
      149,
      149,
      0,
      50,
      0
    ]
  ],
  [
    [
      834,
      906,
      2126,
      373,
      913,
      0
    ],
    [
      0,
      149,
      199,
      50,
      0,
      0
    ]
  ],
  [
    [
      834,
      895,
      2115,
      376,
      915,
      0
    ],
    [
      0,
      99,
      149,
      50,
      0,
      0
    ]
  ],
  [
    [
      834,
      886,
      2104,
      377,
      916,
      0
    ],
    [
      0,
      149,
      99,
      0,
      50,
      0
    ]
  ],
  [
    [
      838,
      878,
      2094,
      377,
      916,
      0
    ],
    [
      50,
      149,
      99,
      0,
      0,
      0
    ]
  ],
  [
    [
      839,
      870,
      2085,
      377,
      916,
      0
    ],
    [
      0,
      99,
      99,
      0,
      0,
      0
    ]
  ],
  [
    [
      839,
      870,
      2085,
      377,
      916,
      0
    ],
    [
      0,
      99,
      99,
      0,
      49,
      0
    ]
  ],
  [
    [
      841,
      861,
      2077,
      377,
      915,
      0
    ],
    [
      0,
      99,
      99,
      0,
      49,
      0
    ]
  ],
  [
    [
      845,
      853,
      2069,
      377,
      915,
      0
    ],
    [
      50,
      99,
      149,
      0,
      0,
      0
    ]
  ],
  [
    [
      848,
      845,
      2062,
      377,
      915,
      0
    ],
    [
      0,
      99,
      149,
      0,
      0,
      0
    ]
  ],
  [
    [
      849,
      838,
      2054,
      377,
      915,
      0
    ],
    [
      50,
      99,
      149,
      0,
      0,
      0
    ]
  ],
  [
    [
      852,
      832,
      2047,
      376,
      915,
      0
    ],
    [
      50,
      99,
      149,
      0,
      0,
      0
    ]
  ],
  [
    [
      855,
      825,
      2040,
      376,
      915,
      0
    ],
    [
      50,
      99,
      99,
      0,
      0,
      0
    ]
  ],
  [
    [
      856,
      819,
      2032,
      376,
      915,
      0
    ],
    [
      50,
      99,
      149,
      0,
      0,
      0
    ]
  ],
  [
    [
      861,
      814,
      2026,
      376,
      915,
      0
    ],
    [
      50,
      49,
      99,
      0,
      0,
      0
    ]
  ],
  [
    [
      861,
      814,
      2026,
      376,
      915,
      0
    ],
    [
      50,
      99,
      99,
      0,
      0,
      0
    ]
  ],
  [
    [
      864,
      808,
      2017,
      377,
      915,
      0
    ],
    [
      50,
      49,
      49,
      0,
      0,
      0
    ]
  ],
  [
    [
      867,
      804,
      2011,
      377,
      915,
      0
    ],
    [
      50,
      49,
      49,
      0,
      0,
      0
    ]
  ],
  [
    [
      871,
      799,
      2003,
      377,
      915,
      0
    ],
    [
      50,
      99,
      99,
      0,
      0,
      0
    ]
  ],
  [
    [
      872,
      795,
      1996,
      377,
      915,
      0
    ],
    [
      0,
      99,
      99,
      0,
      0,
      0
    ]
  ],
  [
    [
      875,
      790,
      1989,
      377,
      914,
      0
    ],
    [
      50,
      99,
      99,
      0,
      0,
      0
    ]
  ],
  [
    [
      878,
      786,
      1984,
      377,
      914,
      0
    ],
    [
      50,
      99,
      99,
      0,
      0,
      0
    ]
  ],
  [
    [
      879,
      781,
      1979,
      377,
      913,
      0
    ],
    [
      50,
      49,
      49,
      0,
      0,
      0
    ]
  ],
  [
    [
      879,
      778,
      1974,
      377,
      912,
      0
    ],
    [
      0,
      49,
      99,
      0,
      0,
      0
    ]
  ],
  [
    [
      879,
      778,
      1974,
      377,
      912,
      0
    ],
    [
      50,
      49,
      99,
      0,
      0,
      0
    ]
  ],
  [
    [
      880,
      775,
      1969,
      375,
      912,
      0
    ],
    [
      50,
      49,
      99,
      0,
      0,
      0
    ]
  ],
  [
    [
      880,
      772,
      1965,
      374,
      911,
      0
    ],
    [
      0,
      49,
      49,
      0,
      0,
      0
    ]
  ],
  [
    [
      880,
      769,
      1963,
      374,
      911,
      0
    ],
    [
      0,
      0,
      49,
      0,
      0,
      0
    ]
  ],
  [
    [
      880,
      767,
      1960,
      374,
      911,
      0
    ],
    [
      0,
      49,
      49,
      0,
      0,
      0
    ]
  ],
  [
    [
      881,
      764,
      1957,
      374,
      911,
      0
    ],
    [
      50,
      0,
      0,
      0,
      0,
      0
    ]
  ],
  [
    [
      882,
      762,
      1956,
      374,
      911,
      0
    ],
    [
      50,
      49,
      0,
      0,
      0,
      0
    ]
  ],
  [
    [
      883,
      760,
      1953,
      373,
      911,
      0
    ],
    [
      0,
      49,
      49,
      49,
      0,
      0
    ]
  ],
  [
    [
      885,
      759,
      1949,
      373,
      911,
      0
    ],
    [
      0,
      0,
      49,
      0,
      0,
      0
    ]
  ],
  [
    [
      886,
      758,
      1948,
      373,
      911,
      0
    ],
    [
      0,
      0,
      49,
      0,
      0,
      0
    ]
  ],
  [
    [
      886,
      756,
      1946,
      373,
      911,
      0
    ],
    [
      0,
      0,
      0,
      0,
      0,
      0
    ]
  ],
  [
    [
      886,
      756,
      1946,
      373,
      911,
      0
    ],
    [
      0,
      0,
      49,
      0,
      0,
      0
    ]
  ],
  [
    [
      886,
      754,
      1943,
      373,
      911,
      0
    ],
    [
      0,
      0,
      49,
      0,
      0,
      0
    ]
  ],
  [
    [
      886,
      753,
      1941,
      373,
      911,
      0
    ],
    [
      0,
      49,
      0,
      0,
      0,
      0
    ]
  ],
  [
    [
      886,
      752,
      1941,
      373,
      911,
      0
    ],
    [
      0,
      49,
      0,
      0,
      0,
      0
    ]
  ],
  [
    [
      886,
      751,
      1941,
      373,
      911,
      0
    ],
    [
      0,
      0,
      0,
      0,
      0,
      0
    ]
  ],
  [
    [
      886,
      751,
      1941,
      373,
      911,
      0
    ],
    [
      0,
      0,
      0,
      0,
      0,
      0
    ]
  ],
  [
    [
      886,
      750,
      1941,
      373,
      911,
      0
    ],
    [
      0,
      0,
      0,
      0,
      0,
      0
    ]
  ],
  [
    [
      886,
      750,
      1941,
      373,
      911,
      0
    ],
    [
      0,
      0,
      0,
      0,
      0,
      0
    ]
  ],
  [
    [
      886,
      749,
      1941,
      373,
      911,
      0
    ],
    [
      0,
      0,
      0,
      0,
      0,
      0
    ]
  ],
  [
    [
      884,
      749,
      1941,
      373,
      911,
      0
    ],
    [
      49,
      0,
      0,
      0,
      0,
      0
    ]
  ],
  [
    [
      884,
      749,
      1941,
      373,
      911,
      0
    ],
    [
      0,
      0,
      0,
      0,
      0,
      0
    ]
  ],
  [
    [
      882,
      749,
      1941,
      373,
      911,
      0
    ],
    [
      0,
      0,
      0,
      0,
      0,
      0
    ]
  ],
  [
    [
      880,
      749,
      1941,
      373,
      911,
      0
    ],
    [
      0,
      0,
      0,
      0,
      0,
      0
    ]
  ],
  [
    [
      877,
      749,
      1941,
      373,
      911,
      0
    ],
    [
      49,
      0,
      0,
      0,
      0,
      0
    ]
  ],
  [
    [
      872,
      749,
      1941,
      373,
      911,
      0
    ],
    [
      49,
      0,
      0,
      0,
      0,
      0
    ]
  ],
  [
    [
      865,
      749,
      1941,
      373,
      911,
      0
    ],
    [
      99,
      0,
      0,
      0,
      0,
      0
    ]
  ],
  [
    [
      860,
      750,
      1941,
      373,
      912,
      0
    ],
    [
      99,
      0,
      0,
      0,
      0,
      0
    ]
  ],
  [
    [
      853,
      752,
      1941,
      372,
      912,
      0
    ],
    [
      99,
      0,
      0,
      0,
      0,
      0
    ]
  ],
  [
    [
      847,
      755,
      1941,
      372,
      913,
      0
    ],
    [
      99,
      50,
      0,
      0,
      0,
      0
    ]
  ],
  [
    [
      847,
      755,
      1941,
      372,
      913,
      0
    ],
    [
      99,
      0,
      0,
      0,
      0,
      0
    ]
  ],
  [
    [
      841,
      757,
      1941,
      372,
      913,
      0
    ],
    [
      49,
      50,
      0,
      0,
      0,
      0
    ]
  ],
  [
    [
      837,
      758,
      1941,
      372,
      913,
      0
    ],
    [
      99,
      50,
      0,
      0,
      0,
      0
    ]
  ],
  [
    [
      831,
      762,
      1941,
      372,
      913,
      0
    ],
    [
      99,
      50,
      0,
      0,
      0,
      0
    ]
  ],
  [
    [
      824,
      767,
      1942,
      372,
      913,
      0
    ],
    [
      99,
      50,
      50,
      0,
      0,
      0
    ]
  ],
  [
    [
      816,
      774,
      1945,
      372,
      914,
      0
    ],
    [
      149,
      100,
      50,
      0,
      50,
      0
    ]
  ],
  [
    [
      811,
      783,
      1947,
      372,
      914,
      0
    ],
    [
      99,
      150,
      0,
      0,
      0,
      0
    ]
  ],
  [
    [
      807,
      794,
      1948,
      372,
      914,
      0
    ],
    [
      0,
      150,
      50,
      0,
      0,
      0
    ]
  ],
  [
    [
      802,
      806,
      1949,
      370,
      914,
      0
    ],
    [
      49,
      200,
      50,
      0,
      0,
      0
    ]
  ],
  [
    [
      799,
      820,
      1953,
      365,
      914,
      0
    ],
    [
      0,
      200,
      100,
      49,
      0,
      0
    ]
  ],
  [
    [
      796,
      835,
      1958,
      361,
      914,
      0
    ],
    [
      49,
      200,
      100,
      49,
      0,
      0
    ]
  ],
  [
    [
      792,
      848,
      1966,
      356,
      914,
      0
    ],
    [
      49,
      200,
      100,
      99,
      0,
      0
    ]
  ],
  [
    [
      791,
      862,
      1975,
      353,
      915,
      0
    ],
    [
      49,
      250,
      100,
      49,
      0,
      0
    ]
  ],
  [
    [
      791,
      862,
      1975,
      353,
      915,
      0
    ],
    [
      49,
      150,
      150,
      99,
      100,
      0
    ]
  ],
  [
    [
      788,
      875,
      1987,
      347,
      921,
      0
    ],
    [
      49,
      150,
      150,
      99,
      100,
      0
    ]
  ],
  [
    [
      785,
      888,
      2000,
      344,
      928,
      0
    ],
    [
      49,
      150,
      200,
      49,
      100,
      0
    ]
  ],
  [
    [
      785,
      903,
      2009,
      341,
      936,
      0
    ],
    [
      0,
      200,
      100,
      49,
      150,
      0
    ]
  ],
  [
    [
      784,
      918,
      2019,
      340,
      944,
      0
    ],
    [
      0,
      200,
      150,
      0,
      100,
      0
    ]
  ],
  [
    [
      784,
      933,
      2029,
      340,
      949,
      0
    ],
    [
      0,
      250,
      150,
      0,
      50,
      0
    ]
  ],
  [
    [
      784,
      949,
      2038,
      340,
      952,
      0
    ],
    [
      0,
      250,
      100,
      0,
      50,
      0
    ]
  ],
  [
    [
      786,
      964,
      2047,
      340,
      956,
      0
    ],
    [
      0,
      150,
      200,
      0,
      50,
      0
    ]
  ],
  [
    [
      787,
      978,
      2056,
      339,
      961,
      0
    ],
    [
      0,
      200,
      100,
      49,
      50,
      0
    ]
  ],
  [
    [
      789,
      993,
      2066,
      339,
      964,
      0
    ],
    [
      50,
      200,
      100,
      0,
      50,
      0
    ]
  ],
  [
    [
      789,
      1009,
      2075,
      338,
      965,
      0
    ],
    [
      0,
      250,
      150,
      0,
      0,
      0
    ]
  ],
  [
    [
      789,
      1009,
      2075,
      338,
      965,
      0
    ],
    [
      0,
      200,
      150,
      49,
      0,
      0
    ]
  ],
  [
    [
      789,
      1025,
      2086,
      335,
      966,
      0
    ],
    [
      0,
      200,
      150,
      49,
      0,
      0
    ]
  ],
  [
    [
      789,
      1041,
      2098,
      331,
      966,
      0
    ],
    [
      0,
      250,
      200,
      49,
      0,
      0
    ]
  ],
  [
    [
      790,
      1057,
      2110,
      329,
      966,
      0
    ],
    [
      0,
      200,
      200,
      0,
      0,
      0
    ]
  ],
  [
    [
      791,
      1074,
      2122,
      326,
      966,
      0
    ],
    [
      50,
      200,
      150,
      49,
      0,
      0
    ]
  ],
  [
    [
      794,
      1089,
      2134,
      323,
      966,
      0
    ],
    [
      50,
      250,
      150,
      49,
      0,
      0
    ]
  ],
  [
    [
      798,
      1104,
      2145,
      322,
      966,
      0
    ],
    [
      50,
      200,
      150,
      0,
      0,
      0
    ]
  ],
  [
    [
      799,
      1119,
      2155,
      318,
      966,
      0
    ],
    [
      50,
      200,
      100,
      49,
      0,
      0
    ]
  ],
  [
    [
      799,
      1136,
      2167,
      315,
      966,
      0
    ],
    [
      0,
      250,
      150,
      49,
      0,
      0
    ]
  ],
  [
    [
      799,
      1151,
      2179,
      313,
      966,
      0
    ],
    [
      0,
      250,
      150,
      0,
      0,
      0
    ]
  ],
  [
    [
      799,
      1151,
      2179,
      313,
      966,
      0
    ],
    [
      50,
      250,
      200,
      49,
      0,
      0
    ]
  ],
  [
    [
      800,
      1167,
      2192,
      310,
      966,
      0
    ],
    [
      0,
      250,
      250,
      49,
      0,
      0
    ]
  ],
  [
    [
      800,
      1185,
      2206,
      307,
      966,
      0
    ],
    [
      0,
      250,
      250,
      49,
      0,
      0
    ]
  ],
  [
    [
      800,
      1202,
      2221,
      307,
      966,
      0
    ],
    [
      0,
      250,
      200,
      0,
      0,
      0
    ]
  ],
  [
    [
      802,
      1221,
      2236,
      305,
      966,
      0
    ],
    [
      50,
      250,
      200,
      0,
      0,
      0
    ]
  ],
  [
    [
      804,
      1240,
      2251,
      302,
      966,
      0
    ],
    [
      50,
      300,
      200,
      49,
      0,
      0
    ]
  ],
  [
    [
      806,
      1259,
      2267,
      299,
      966,
      0
    ],
    [
      50,
      250,
      200,
      49,
      0,
      0
    ]
  ],
  [
    [
      807,
      1279,
      2286,
      299,
      966,
      0
    ],
    [
      50,
      300,
      300,
      0,
      0,
      0
    ]
  ],
  [
    [
      807,
      1298,
      2305,
      299,
      966,
      0
    ],
    [
      0,
      250,
      250,
      0,
      0,
      0
    ]
  ],
  [
    [
      807,
      1317,
      2323,
      299,
      966,
      0
    ],
    [
      0,
      300,
      300,
      0,
      0,
      0
    ]
  ],
  [
    [
      807,
      1336,
      2341,
      299,
      966,
      0
    ],
    [
      0,
      250,
      300,
      0,
      0,
      0
    ]
  ],
  [
    [
      807,
      1336,
      2341,
      299,
      966,
      0
    ],
    [
      0,
      300,
      250,
      0,
      0,
      0
    ]
  ],
  [
    [
      807,
      1356,
      2359,
      299,
      966,
      0
    ],
    [
      0,
      250,
      250,
      0,
      0,
      0
    ]
  ],
  [
    [
      807,
      1376,
      2380,
      299,
      966,
      0
    ],
    [
      0,
      250,
      250,
      0,
      0,
      0
    ]
  ],
  [
    [
      807,
      1396,
      2400,
      299,
      966,
      0
    ],
    [
      0,
      250,
      300,
      0,
      0,
      0
    ]
  ],
  [
    [
      807,
      1417,
      2419,
      299,
      966,
      0
    ],
    [
      0,
      300,
      250,
      0,
      0,
      0
    ]
  ],
  [
    [
      808,
      1439,
      2437,
      299,
      966,
      0
    ],
    [
      0,
      300,
      250,
      0,
      0,
      0
    ]
  ],
  [
    [
      811,
      1460,
      2456,
      299,
      965,
      0
    ],
    [
      50,
      300,
      300,
      0,
      0,
      0
    ]
  ],
  [
    [
      814,
      1480,
      2476,
      300,
      964,
      0
    ],
    [
      50,
      250,
      300,
      0,
      0,
      0
    ]
  ],
  [
    [
      815,
      1497,
      2494,
      300,
      963,
      0
    ],
    [
      0,
      250,
      250,
      0,
      49,
      0
    ]
  ],
  [
    [
      815,
      1497,
      2494,
      300,
      963,
      0
    ],
    [
      0,
      200,
      250,
      0,
      0,
      0
    ]
  ],
  [
    [
      815,
      1513,
      2511,
      300,
      963,
      0
    ],
    [
      0,
      250,
      250,
      0,
      0,
      0
    ]
  ],
  [
    [
      815,
      1529,
      2529,
      300,
      963,
      0
    ],
    [
      0,
      200,
      300,
      0,
      0,
      0
    ]
  ],
  [
    [
      814,
      1546,
      2547,
      300,
      963,
      0
    ],
    [
      0,
      200,
      300,
      0,
      0,
      0
    ]
  ],
  [
    [
      814,
      1564,
      2565,
      302,
      962,
      0
    ],
    [
      0,
      250,
      250,
      0,
      49,
      0
    ]
  ],
  [
    [
      812,
      1584,
      2582,
      303,
      962,
      0
    ],
    [
      49,
      300,
      250,
      0,
      0,
      0
    ]
  ],
  [
    [
      811,
      1603,
      2598,
      301,
      962,
      0
    ],
    [
      0,
      250,
      200,
      99,
      0,
      0
    ]
  ],
  [
    [
      813,
      1621,
      2617,
      300,
      962,
      0
    ],
    [
      50,
      250,
      250,
      0,
      0,
      0
    ]
  ],
  [
    [
      814,
      1639,
      2635,
      300,
      962,
      0
    ],
    [
      0,
      250,
      200,
      0,
      0,
      0
    ]
  ],
  [
    [
      814,
      1656,
      2654,
      300,
      962,
      0
    ],
    [
      0,
      250,
      250,
      0,
      0,
      0
    ]
  ],
  [
    [
      814,
      1675,
      2672,
      302,
      962,
      0
    ],
    [
      0,
      300,
      250,
      100,
      0,
      0
    ]
  ],
  [
    [
      814,
      1694,
      2690,
      304,
      964,
      0
    ],
    [
      0,
      250,
      250,
      0,
      0,
      0
    ]
  ],
  [
    [
      814,
      1694,
      2690,
      304,
      964,
      0
    ],
    [
      0,
      250,
      250,
      0,
      0,
      0
    ]
  ],
  [
    [
      814,
      1713,
      2709,
      304,
      965,
      0
    ],
    [
      0,
      250,
      300,
      0,
      0,
      0
    ]
  ],
  [
    [
      814,
      1730,
      2727,
      304,
      965,
      0
    ],
    [
      0,
      250,
      300,
      0,
      0,
      0
    ]
  ],
  [
    [
      814,
      1748,
      2746,
      305,
      965,
      0
    ],
    [
      0,
      250,
      250,
      0,
      0,
      0
    ]
  ],
  [
    [
      814,
      1766,
      2767,
      305,
      965,
      0
    ],
    [
      0,
      250,
      250,
      0,
      0,
      0
    ]
  ],
  [
    [
      815,
      1785,
      2787,
      305,
      965,
      0
    ],
    [
      0,
      250,
      300,
      0,
      0,
      0
    ]
  ],
  [
    [
      816,
      1805,
      2806,
      305,
      965,
      0
    ],
    [
      50,
      300,
      300,
      0,
      0,
      0
    ]
  ],
  [
    [
      816,
      1825,
      2824,
      305,
      965,
      0
    ],
    [
      0,
      250,
      250,
      0,
      0,
      0
    ]
  ],
  [
    [
      817,
      1846,
      2845,
      305,
      965,
      0
    ],
    [
      50,
      300,
      250,
      0,
      0,
      0
    ]
  ],
  [
    [
      818,
      1866,
      2865,
      305,
      965,
      0
    ],
    [
      50,
      300,
      250,
      0,
      0,
      0
    ]
  ],
  [
    [
      821,
      1886,
      2884,
      305,
      965,
      0
    ],
    [
      50,
      300,
      300,
      0,
      0,
      0
    ]
  ],
  [
    [
      821,
      1886,
      2884,
      305,
      965,
      0
    ],
    [
      0,
      250,
      250,
      0,
      0,
      0
    ]
  ],
  [
    [
      823,
      1906,
      2902,
      305,
      965,
      0
    ],
    [
      50,
      250,
      250,
      0,
      0,
      0
    ]
  ],
  [
    [
      824,
      1925,
      2920,
      305,
      965,
      0
    ],
    [
      50,
      250,
      250,
      0,
      0,
      0
    ]
  ],
  [
    [
      825,
      1943,
      2940,
      305,
      965,
      0
    ],
    [
      50,
      300,
      250,
      0,
      0,
      0
    ]
  ],
  [
    [
      826,
      1961,
      2959,
      305,
      965,
      0
    ],
    [
      50,
      250,
      300,
      0,
      0,
      0
    ]
  ],
  [
    [
      827,
      1980,
      2978,
      305,
      965,
      0
    ],
    [
      0,
      300,
      250,
      0,
      0,
      0
    ]
  ],
  [
    [
      829,
      1998,
      2997,
      305,
      965,
      0
    ],
    [
      50,
      250,
      300,
      0,
      0,
      0
    ]
  ],
  [
    [
      831,
      2015,
      3014,
      305,
      965,
      0
    ],
    [
      0,
      200,
      250,
      0,
      0,
      0
    ]
  ],
  [
    [
      831,
      2031,
      3032,
      305,
      965,
      0
    ],
    [
      0,
      250,
      200,
      0,
      0,
      0
    ]
  ],
  [
    [
      831,
      2031,
      3032,
      305,
      965,
      0
    ],
    [
      0,
      250,
      250,
      0,
      0,
      0
    ]
  ],
  [
    [
      831,
      2048,
      3049,
      305,
      965,
      0
    ],
    [
      0,
      250,
      250,
      0,
      0,
      0
    ]
  ],
  [
    [
      831,
      2065,
      3064,
      305,
      965,
      0
    ],
    [
      0,
      200,
      200,
      0,
      0,
      0
    ]
  ],
  [
    [
      831,
      2082,
      3081,
      305,
      965,
      0
    ],
    [
      0,
      200,
      200,
      0,
      0,
      0
    ]
  ],
  [
    [
      831,
      2097,
      3097,
      305,
      965,
      0
    ],
    [
      0,
      150,
      250,
      0,
      0,
      0
    ]
  ],
  [
    [
      831,
      2112,
      3115,
      305,
      965,
      0
    ],
    [
      0,
      250,
      250,
      0,
      0,
      0
    ]
  ],
  [
    [
      831,
      2127,
      3134,
      305,
      965,
      0
    ],
    [
      0,
      250,
      300,
      0,
      0,
      0
    ]
  ],
  [
    [
      831,
      2141,
      3154,
      305,
      965,
      0
    ],
    [
      0,
      200,
      200,
      0,
      0,
      0
    ]
  ],
  [
    [
      831,
      2157,
      3172,
      305,
      965,
      0
    ],
    [
      0,
      200,
      200,
      0,
      0,
      0
    ]
  ],
  [
    [
      831,
      2164,
      3180,
      305,
      965,
      0
    ],
    [
      0,
      250,
      250,
      0,
      0,
      0
    ]
  ],
  [
    [
      831,
      2181,
      3199,
      305,
      965,
      0
    ],
    [
      0,
      250,
      300,
      0,
      0,
      0
    ]
  ],
  [
    [
      831,
      2197,
      3218,
      305,
      965,
      0
    ],
    [
      0,
      250,
      250,
      0,
      0,
      0
    ]
  ],
  [
    [
      831,
      2214,
      3238,
      305,
      965,
      0
    ],
    [
      0,
      250,
      250,
      0,
      0,
      0
    ]
  ],
  [
    [
      831,
      2231,
      3257,
      305,
      965,
      0
    ],
    [
      0,
      200,
      300,
      0,
      0,
      0
    ]
  ],
  [
    [
      831,
      2249,
      3275,
      305,
      965,
      0
    ],
    [
      0,
      250,
      250,
      0,
      0,
      0
    ]
  ],
  [
    [
      831,
      2266,
      3294,
      305,
      965,
      0
    ],
    [
      0,
      250,
      250,
      0,
      0,
      0
    ]
  ],
  [
    [
      831,
      2266,
      3294,
      305,
      965,
      0
    ],
    [
      0,
      200,
      250,
      0,
      0,
      0
    ]
  ],
  [
    [
      831,
      2283,
      3315,
      305,
      965,
      0
    ],
    [
      0,
      200,
      250,
      0,
      0,
      0
    ]
  ],
  [
    [
      831,
      2301,
      3335,
      305,
      965,
      0
    ],
    [
      0,
      250,
      300,
      0,
      0,
      0
    ]
  ],
  [
    [
      831,
      2316,
      3353,
      305,
      965,
      0
    ],
    [
      0,
      150,
      300,
      0,
      0,
      0
    ]
  ],
  [
    [
      831,
      2330,
      3370,
      305,
      965,
      0
    ],
    [
      0,
      200,
      250,
      0,
      0,
      0
    ]
  ],
  [
    [
      831,
      2343,
      3390,
      305,
      965,
      0
    ],
    [
      0,
      200,
      300,
      0,
      0,
      0
    ]
  ],
  [
    [
      831,
      2355,
      3410,
      305,
      965,
      0
    ],
    [
      0,
      150,
      250,
      0,
      0,
      0
    ]
  ],
  [
    [
      831,
      2368,
      3430,
      305,
      965,
      0
    ],
    [
      0,
      200,
      250,
      0,
      0,
      0
    ]
  ],
  [
    [
      831,
      2381,
      3449,
      305,
      965,
      0
    ],
    [
      0,
      200,
      250,
      0,
      0,
      0
    ]
  ],
  [
    [
      831,
      2395,
      3468,
      305,
      965,
      0
    ],
    [
      0,
      200,
      300,
      0,
      0,
      0
    ]
  ],
  [
    [
      831,
      2409,
      3487,
      305,
      965,
      0
    ],
    [
      0,
      150,
      250,
      0,
      0,
      0
    ]
  ],
  [
    [
      831,
      2409,
      3487,
      305,
      965,
      0
    ],
    [
      0,
      150,
      250,
      0,
      0,
      0
    ]
  ],
  [
    [
      831,
      2421,
      3506,
      305,
      965,
      0
    ],
    [
      0,
      150,
      200,
      0,
      0,
      0
    ]
  ],
  [
    [
      831,
      2435,
      3525,
      305,
      965,
      0
    ],
    [
      0,
      200,
      250,
      0,
      0,
      0
    ]
  ],
  [
    [
      831,
      2450,
      3544,
      305,
      965,
      0
    ],
    [
      0,
      250,
      250,
      0,
      0,
      0
    ]
  ],
  [
    [
      831,
      2465,
      3562,
      305,
      965,
      0
    ],
    [
      0,
      200,
      300,
      0,
      0,
      0
    ]
  ],
  [
    [
      832,
      2481,
      3580,
      305,
      965,
      0
    ],
    [
      50,
      200,
      250,
      0,
      0,
      0
    ]
  ],
  [
    [
      834,
      2496,
      3593,
      305,
      965,
      0
    ],
    [
      50,
      250,
      200,
      0,
      0,
      0
    ]
  ],
  [
    [
      841,
      2511,
      3603,
      305,
      965,
      0
    ],
    [
      100,
      250,
      100,
      0,
      0,
      0
    ]
  ],
  [
    [
      851,
      2524,
      3613,
      305,
      965,
      0
    ],
    [
      100,
      150,
      100,
      0,
      0,
      0
    ]
  ],
  [
    [
      851,
      2524,
      3613,
      305,
      965,
      0
    ],
    [
      150,
      200,
      150,
      0,
      50,
      0
    ]
  ],
  [
    [
      864,
      2537,
      3623,
      305,
      966,
      0
    ],
    [
      150,
      200,
      150,
      0,
      50,
      0
    ]
  ],
  [
    [
      880,
      2550,
      3632,
      305,
      966,
      0
    ],
    [
      200,
      200,
      150,
      0,
      0,
      0
    ]
  ],
  [
    [
      898,
      2563,
      3640,
      305,
      966,
      0
    ],
    [
      300,
      200,
      150,
      0,
      0,
      0
    ]
  ],
  [
    [
      918,
      2577,
      3647,
      304,
      966,
      0
    ],
    [
      300,
      200,
      100,
      0,
      0,
      0
    ]
  ],
  [
    [
      939,
      2590,
      3654,
      301,
      966,
      0
    ],
    [
      250,
      200,
      100,
      49,
      0,
      0
    ]
  ],
  [
    [
      962,
      2603,
      3660,
      301,
      966,
      0
    ],
    [
      350,
      150,
      100,
      0,
      0,
      0
    ]
  ],
  [
    [
      985,
      2616,
      3666,
      301,
      966,
      0
    ],
    [
      300,
      200,
      100,
      0,
      0,
      0
    ]
  ],
  [
    [
      1006,
      2627,
      3672,
      301,
      966,
      0
    ],
    [
      300,
      150,
      100,
      0,
      0,
      0
    ]
  ],
  [
    [
      1028,
      2638,
      3676,
      300,
      966,
      0
    ],
    [
      300,
      150,
      50,
      0,
      0,
      0
    ]
  ],
  [
    [
      1028,
      2638,
      3676,
      300,
      966,
      0
    ],
    [
      250,
      150,
      100,
      0,
      99,
      0
    ]
  ],
  [
    [
      1048,
      2649,
      3680,
      300,
      963,
      0
    ],
    [
      250,
      150,
      50,
      0,
      0,
      0
    ]
  ],
  [
    [
      1068,
      2658,
      3685,
      300,
      962,
      0
    ],
    [
      250,
      150,
      50,
      0,
      0,
      0
    ]
  ],
  [
    [
      1088,
      2666,
      3691,
      300,
      962,
      0
    ],
    [
      300,
      100,
      50,
      0,
      0,
      0
    ]
  ],
  [
    [
      1108,
      2672,
      3697,
      300,
      962,
      0
    ],
    [
      300,
      100,
      50,
      0,
      0,
      0
    ]
  ],
  [
    [
      1127,
      2678,
      3699,
      300,
      962,
      0
    ],
    [
      250,
      50,
      0,
      0,
      0,
      0
    ]
  ],
  [
    [
      1149,
      2683,
      3700,
      300,
      962,
      0
    ],
    [
      300,
      50,
      0,
      0,
      0,
      0
    ]
  ],
  [
    [
      1173,
      2689,
      3702,
      300,
      962,
      0
    ],
    [
      350,
      100,
      50,
      0,
      0,
      0
    ]
  ],
  [
    [
      1196,
      2693,
      3703,
      300,
      962,
      0
    ],
    [
      350,
      100,
      0,
      0,
      0,
      0
    ]
  ],
  [
    [
      1221,
      2697,
      3703,
      300,
      962,
      0
    ],
    [
      350,
      50,
      0,
      0,
      0,
      0
    ]
  ],
  [
    [
      1246,
      2701,
      3703,
      300,
      962,
      0
    ],
    [
      350,
      100,
      0,
      0,
      0,
      0
    ]
  ],
  [
    [
      1272,
      2704,
      3703,
      300,
      962,
      0
    ],
    [
      400,
      50,
      0,
      0,
      0,
      0
    ]
  ],
  [
    [
      1272,
      2704,
      3703,
      300,
      962,
      0
    ],
    [
      350,
      50,
      0,
      0,
      0,
      0
    ]
  ],
  [
    [
      1299,
      2706,
      3703,
      300,
      962,
      0
    ],
    [
      300,
      50,
      0,
      0,
      0,
      0
    ]
  ],
  [
    [
      1324,
      2708,
      3703,
      300,
      962,
      0
    ],
    [
      300,
      50,
      0,
      0,
      0,
      0
    ]
  ],
  [
    [
      1349,
      2709,
      3703,
      300,
      962,
      0
    ],
    [
      400,
      0,
      0,
      0,
      0,
      0
    ]
  ],
  [
    [
      1372,
      2711,
      3703,
      300,
      962,
      0
    ],
    [
      300,
      50,
      0,
      0,
      0,
      0
    ]
  ],
  [
    [
      1393,
      2712,
      3703,
      300,
      962,
      0
    ],
    [
      300,
      50,
      0,
      0,
      0,
      0
    ]
  ],
  [
    [
      1410,
      2714,
      3704,
      300,
      962,
      0
    ],
    [
      200,
      50,
      0,
      0,
      0,
      0
    ]
  ],
  [
    [
      1424,
      2716,
      3704,
      300,
      962,
      0
    ],
    [
      250,
      50,
      0,
      0,
      0,
      0
    ]
  ],
  [
    [
      1442,
      2717,
      3704,
      300,
      962,
      0
    ],
    [
      300,
      50,
      0,
      0,
      0,
      0
    ]
  ],
  [
    [
      1461,
      2718,
      3704,
      300,
      962,
      0
    ],
    [
      250,
      50,
      0,
      0,
      0,
      0
    ]
  ],
  [
    [
      1480,
      2719,
      3704,
      300,
      962,
      0
    ],
    [
      300,
      50,
      0,
      0,
      0,
      0
    ]
  ],
  [
    [
      1498,
      2719,
      3704,
      300,
      962,
      0
    ],
    [
      250,
      0,
      0,
      0,
      0,
      0
    ]
  ],
  [
    [
      1498,
      2719,
      3704,
      300,
      962,
      0
    ],
    [
      250,
      0,
      0,
      0,
      0,
      0
    ]
  ],
  [
    [
      1515,
      2720,
      3704,
      300,
      962,
      0
    ],
    [
      250,
      0,
      0,
      0,
      0,
      0
    ]
  ],
  [
    [
      1534,
      2722,
      3704,
      300,
      962,
      0
    ],
    [
      250,
      0,
      0,
      0,
      0,
      0
    ]
  ],
  [
    [
      1553,
      2723,
      3704,
      300,
      962,
      0
    ],
    [
      250,
      50,
      0,
      0,
      0,
      0
    ]
  ],
  [
    [
      1572,
      2723,
      3704,
      300,
      962,
      0
    ],
    [
      300,
      0,
      0,
      0,
      0,
      0
    ]
  ],
  [
    [
      1589,
      2724,
      3704,
      300,
      962,
      0
    ],
    [
      250,
      0,
      0,
      0,
      0,
      0
    ]
  ],
  [
    [
      1606,
      2726,
      3704,
      300,
      962,
      0
    ],
    [
      250,
      50,
      0,
      0,
      0,
      0
    ]
  ],
  [
    [
      1622,
      2727,
      3704,
      300,
      962,
      0
    ],
    [
      250,
      0,
      0,
      0,
      0,
      0
    ]
  ],
  [
    [
      1636,
      2729,
      3704,
      300,
      962,
      0
    ],
    [
      150,
      50,
      0,
      0,
      0,
      0
    ]
  ],
  [
    [
      1648,
      2730,
      3704,
      300,
      962,
      0
    ],
    [
      100,
      0,
      0,
      0,
      0,
      0
    ]
  ],
  [
    [
      1661,
      2731,
      3704,
      300,
      962,
      0
    ],
    [
      200,
      0,
      0,
      0,
      0,
      0
    ]
  ],
  [
    [
      1677,
      2732,
      3704,
      300,
      962,
      0
    ],
    [
      250,
      0,
      0,
      0,
      0,
      0
    ]
  ],
  [
    [
      1677,
      2732,
      3704,
      300,
      962,
      0
    ],
    [
      250,
      0,
      0,
      0,
      0,
      0
    ]
  ],
  [
    [
      1692,
      2733,
      3704,
      300,
      962,
      0
    ],
    [
      200,
      0,
      0,
      0,
      0,
      0
    ]
  ],
  [
    [
      1708,
      2733,
      3704,
      300,
      962,
      0
    ],
    [
      200,
      0,
      0,
      0,
      0,
      0
    ]
  ],
  [
    [
      1725,
      2735,
      3704,
      300,
      962,
      0
    ],
    [
      250,
      50,
      0,
      0,
      0,
      0
    ]
  ],
  [
    [
      1741,
      2735,
      3704,
      300,
      962,
      0
    ],
    [
      200,
      0,
      0,
      0,
      0,
      0
    ]
  ],
  [
    [
      1757,
      2736,
      3704,
      300,
      962,
      0
    ],
    [
      250,
      50,
      0,
      0,
      0,
      0
    ]
  ],
  [
    [
      1773,
      2736,
      3704,
      300,
      962,
      0
    ],
    [
      250,
      0,
      0,
      0,
      0,
      0
    ]
  ],
  [
    [
      1789,
      2736,
      3704,
      300,
      962,
      0
    ],
    [
      200,
      0,
      0,
      0,
      0,
      0
    ]
  ],
  [
    [
      1804,
      2737,
      3704,
      300,
      962,
      0
    ],
    [
      200,
      0,
      0,
      0,
      0,
      0
    ]
  ],
  [
    [
      1818,
      2738,
      3704,
      300,
      962,
      0
    ],
    [
      200,
      0,
      0,
      0,
      0,
      0
    ]
  ],
  [
    [
      1832,
      2739,
      3704,
      300,
      962,
      0
    ],
    [
      200,
      0,
      0,
      0,
      0,
      0
    ]
  ],
  [
    [
      1832,
      2739,
      3704,
      300,
      962,
      0
    ],
    [
      200,
      0,
      0,
      0,
      0,
      0
    ]
  ],
  [
    [
      1844,
      2739,
      3704,
      300,
      962,
      0
    ],
    [
      150,
      0,
      0,
      0,
      0,
      0
    ]
  ],
  [
    [
      1856,
      2740,
      3704,
      300,
      962,
      0
    ],
    [
      150,
      0,
      0,
      0,
      0,
      0
    ]
  ],
  [
    [
      1860,
      2739,
      3704,
      300,
      962,
      0
    ],
    [
      0,
      49,
      0,
      0,
      0,
      0
    ]
  ],
  [
    [
      1861,
      2740,
      3704,
      300,
      962,
      0
    ],
    [
      50,
      0,
      0,
      0,
      0,
      0
    ]
  ],
  [
    [
      1861,
      2742,
      3704,
      300,
      962,
      0
    ],
    [
      0,
      50,
      0,
      0,
      0,
      0
    ]
  ],
  [
    [
      1863,
      2745,
      3703,
      299,
      962,
      0
    ],
    [
      50,
      50,
      0,
      0,
      0,
      0
    ]
  ],
  [
    [
      1866,
      2747,
      3698,
      299,
      962,
      0
    ],
    [
      50,
      50,
      0,
      0,
      0,
      0
    ]
  ],
  [
    [
      1872,
      2746,
      3690,
      299,
      962,
      0
    ],
    [
      100,
      0,
      99,
      0,
      0,
      0
    ]
  ],
  [
    [
      1886,
      2741,
      3680,
      297,
      962,
      0
    ],
    [
      200,
      99,
      149,
      0,
      0,
      0
    ]
  ],
  [
    [
      1886,
      2741,
      3680,
      297,
      962,
      0
    ],
    [
      250,
      99,
      99,
      49,
      0,
      0
    ]
  ],
  [
    [
      1901,
      2733,
      3671,
      292,
      962,
      0
    ],
    [
      250,
      99,
      99,
      49,
      0,
      0
    ]
  ],
  [
    [
      1916,
      2728,
      3659,
      289,
      962,
      0
    ],
    [
      150,
      49,
      149,
      49,
      0,
      0
    ]
  ],
  [
    [
      1931,
      2723,
      3649,
      283,
      962,
      0
    ],
    [
      200,
      49,
      199,
      99,
      0,
      0
    ]
  ],
  [
    [
      1945,
      2717,
      3639,
      279,
      962,
      0
    ],
    [
      150,
      99,
      149,
      49,
      0,
      0
    ]
  ],
  [
    [
      1957,
      2711,
      3627,
      274,
      962,
      0
    ],
    [
      200,
      99,
      199,
      49,
      0,
      0
    ]
  ],
  [
    [
      1968,
      2704,
      3617,
      268,
      962,
      0
    ],
    [
      150,
      99,
      149,
      99,
      0,
      0
    ]
  ],
  [
    [
      1979,
      2698,
      3607,
      261,
      962,
      0
    ],
    [
      150,
      49,
      149,
      99,
      0,
      0
    ]
  ],
  [
    [
      1991,
      2691,
      3595,
      254,
      962,
      0
    ],
    [
      150,
      99,
      149,
      99,
      0,
      0
    ]
  ],
  [
    [
      2001,
      2683,
      3587,
      248,
      962,
      0
    ],
    [
      150,
      99,
      99,
      99,
      0,
      0
    ]
  ],
  [
    [
      2001,
      2683,
      3587,
      248,
      962,
      0
    ],
    [
      150,
      99,
      99,
      49,
      0,
      0
    ]
  ],
  [
    [
      2010,
      2676,
      3578,
      241,
      962,
      0
    ],
    [
      100,
      99,
      149,
      99,
      0,
      0
    ]
  ],
  [
    [
      2019,
      2669,
      3569,
      233,
      962,
      0
    ],
    [
      100,
      99,
      149,
      99,
      0,
      0
    ]
  ],
  [
    [
      2028,
      2662,
      3560,
      226,
      962,
      0
    ],
    [
      150,
      149,
      149,
      99,
      0,
      0
    ]
  ],
  [
    [
      2037,
      2655,
      3551,
      219,
      962,
      0
    ],
    [
      100,
      49,
      149,
      149,
      0,
      0
    ]
  ],
  [
    [
      2045,
      2648,
      3542,
      212,
      962,
      0
    ],
    [
      100,
      99,
      99,
      99,
      0,
      0
    ]
  ],
  [
    [
      2054,
      2642,
      3531,
      205,
      962,
      0
    ],
    [
      50,
      49,
      149,
      99,
      0,
      0
    ]
  ],
  [
    [
      2062,
      2636,
      3523,
      199,
      962,
      0
    ],
    [
      150,
      49,
      149,
      99,
      0,
      0
    ]
  ],
  [
    [
      2072,
      2630,
      3514,
      194,
      962,
      0
    ],
    [
      150,
      99,
      99,
      99,
      0,
      0
    ]
  ],
  [
    [
      2082,
      2625,
      3508,
      187,
      962,
      0
    ],
    [
      150,
      49,
      49,
      99,
      0,
      0
    ]
  ],
  [
    [
      2082,
      2625,
      3508,
      187,
      962,
      0
    ],
    [
      100,
      49,
      99,
      99,
      0,
      0
    ]
  ],
  [
    [
      2092,
      2620,
      3502,
      181,
      962,
      0
    ],
    [
      150,
      49,
      49,
      49,
      0,
      0
    ]
  ],
  [
    [
      2104,
      2614,
      3494,
      178,
      962,
      0
    ],
    [
      150,
      49,
      49,
      49,
      0,
      0
    ]
  ],
  [
    [
      2114,
      2611,
      3486,
      173,
      962,
      0
    ],
    [
      100,
      49,
      49,
      99,
      0,
      0
    ]
  ],
  [
    [
      2122,
      2609,
      3480,
      172,
      962,
      0
    ],
    [
      100,
      0,
      99,
      0,
      0,
      0
    ]
  ],
  [
    [
      2126,
      2608,
      3480,
      172,
      962,
      0
    ],
    [
      50,
      0,
      0,
      0,
      0,
      0
    ]
  ],
  [
    [
      2126,
      2608,
      3480,
      175,
      962,
      0
    ],
    [
      0,
      0,
      0,
      100,
      0,
      0
    ]
  ],
  [
    [
      2126,
      2608,
      3480,
      177,
      962,
      0
    ],
    [
      0,
      0,
      0,
      50,
      0,
      0
    ]
  ],
  [
    [
      2125,
      2608,
      3482,
      177,
      962,
      0
    ],
    [
      0,
      0,
      50,
      0,
      0,
      0
    ]
  ],
  [
    [
      2125,
      2608,
      3482,
      177,
      962,
      0
    ],
    [
      0,
      0,
      0,
      0,
      0,
      0
    ]
  ],
  [
    [
      2120,
      2608,
      3480,
      177,
      962,
      0
    ],
    [
      0,
      50,
      0,
      0,
      0,
      0
    ]
  ],
  [
    [
      2120,
      2610,
      3478,
      177,
      962,
      0
    ],
    [
      0,
      50,
      0,
      0,
      0,
      0
    ]
  ],
  [
    [
      2121,
      2611,
      3473,
      177,
      962,
      0
    ],
    [
      0,
      50,
      49,
      0,
      0,
      0
    ]
  ],
  [
    [
      2125,
      2611,
      3469,
      174,
      963,
      0
    ],
    [
      50,
      0,
      99,
      149,
      0,
      0
    ]
  ],
  [
    [
      2125,
      2609,
      3463,
      173,
      963,
      0
    ],
    [
      0,
      49,
      49,
      0,
      0,
      0
    ]
  ],
  [
    [
      2126,
      2606,
      3458,
      173,
      963,
      0
    ],
    [
      50,
      0,
      49,
      0,
      0,
      0
    ]
  ],
  [
    [
      2128,
      2602,
      3452,
      172,
      963,
      0
    ],
    [
      50,
      49,
      99,
      0,
      0,
      0
    ]
  ],
  [
    [
      2133,
      2596,
      3445,
      172,
      963,
      0
    ],
    [
      100,
      49,
      99,
      0,
      0,
      0
    ]
  ],
  [
    [
      2138,
      2590,
      3437,
      172,
      964,
      0
    ],
    [
      50,
      149,
      99,
      0,
      0,
      0
    ]
  ],
  [
    [
      2138,
      2590,
      3437,
      172,
      964,
      0
    ],
    [
      50,
      99,
      99,
      0,
      0,
      0
    ]
  ],
  [
    [
      2144,
      2582,
      3428,
      172,
      964,
      0
    ],
    [
      50,
      99,
      99,
      0,
      0,
      0
    ]
  ],
  [
    [
      2151,
      2574,
      3417,
      172,
      964,
      0
    ],
    [
      100,
      99,
      149,
      0,
      0,
      0
    ]
  ],
  [
    [
      2162,
      2568,
      3407,
      172,
      965,
      0
    ],
    [
      200,
      99,
      149,
      0,
      0,
      0
    ]
  ],
  [
    [
      2175,
      2564,
      3399,
      172,
      965,
      0
    ],
    [
      200,
      49,
      149,
      0,
      0,
      0
    ]
  ],
  [
    [
      2190,
      2559,
      3391,
      172,
      965,
      0
    ],
    [
      200,
      49,
      149,
      0,
      0,
      0
    ]
  ],
  [
    [
      2206,
      2553,
      3384,
      172,
      965,
      0
    ],
    [
      250,
      49,
      99,
      0,
      0,
      0
    ]
  ],
  [
    [
      2222,
      2547,
      3374,
      172,
      965,
      0
    ],
    [
      250,
      99,
      199,
      0,
      0,
      0
    ]
  ],
  [
    [
      2237,
      2540,
      3364,
      172,
      965,
      0
    ],
    [
      150,
      99,
      149,
      0,
      0,
      0
    ]
  ],
  [
    [
      2249,
      2532,
      3352,
      172,
      965,
      0
    ],
    [
      200,
      99,
      149,
      0,
      0,
      0
    ]
  ],
  [
    [
      2249,
      2532,
      3352,
      172,
      965,
      0
    ],
    [
      200,
      99,
      199,
      0,
      0,
      0
    ]
  ],
  [
    [
      2261,
      2523,
      3341,
      172,
      965,
      0
    ],
    [
      200,
      149,
      149,
      0,
      0,
      0
    ]
  ],
  [
    [
      2273,
      2512,
      3328,
      172,
      964,
      0
    ],
    [
      200,
      149,
      149,
      0,
      0,
      0
    ]
  ],
  [
    [
      2285,
      2501,
      3316,
      171,
      964,
      0
    ],
    [
      150,
      199,
      149,
      49,
      0,
      0
    ]
  ],
  [
    [
      2295,
      2489,
      3300,
      169,
      964,
      0
    ],
    [
      150,
      149,
      199,
      0,
      0,
      0
    ]
  ],
  [
    [
      2304,
      2477,
      3284,
      165,
      963,
      0
    ],
    [
      100,
      149,
      249,
      99,
      49,
      0
    ]
  ],
  [
    [
      2313,
      2464,
      3266,
      162,
      963,
      0
    ],
    [
      150,
      199,
      199,
      0,
      0,
      0
    ]
  ],
  [
    [
      2320,
      2452,
      3246,
      156,
      963,
      0
    ],
    [
      100,
      149,
      249,
      99,
      0,
      0
    ]
  ],
  [
    [
      2326,
      2439,
      3227,
      151,
      963,
      0
    ],
    [
      100,
      199,
      299,
      99,
      0,
      0
    ]
  ],
  [
    [
      2326,
      2439,
      3227,
      151,
      963,
      0
    ],
    [
      50,
      149,
      249,
      49,
      0,
      0
    ]
  ],
  [
    [
      2332,
      2428,
      3208,
      147,
      962,
      0
    ],
    [
      50,
      149,
      249,
      99,
      0,
      0
    ]
  ],
  [
    [
      2339,
      2416,
      3190,
      141,
      962,
      0
    ],
    [
      50,
      149,
      249,
      99,
      0,
      0
    ]
  ],
  [
    [
      2346,
      2404,
      3172,
      138,
      962,
      0
    ],
    [
      150,
      149,
      249,
      49,
      0,
      0
    ]
  ],
  [
    [
      2355,
      2392,
      3155,
      133,
      962,
      0
    ],
    [
      150,
      149,
      199,
      49,
      0,
      0
    ]
  ],
  [
    [
      2366,
      2378,
      3139,
      131,
      962,
      0
    ],
    [
      150,
      199,
      199,
      0,
      0,
      0
    ]
  ],
  [
    [
      2378,
      2363,
      3124,
      131,
      962,
      0
    ],
    [
      150,
      199,
      149,
      0,
      0,
      0
    ]
  ],
  [
    [
      2390,
      2346,
      3112,
      131,
      962,
      0
    ],
    [
      150,
      249,
      149,
      0,
      0,
      0
    ]
  ],
  [
    [
      2402,
      2328,
      3102,
      132,
      962,
      0
    ],
    [
      150,
      249,
      99,
      0,
      0,
      0
    ]
  ],
  [
    [
      2414,
      2308,
      3095,
      136,
      962,
      0
    ],
    [
      200,
      249,
      149,
      0,
      0,
      0
    ]
  ],
  [
    [
      2414,
      2308,
      3095,
      136,
      962,
      0
    ],
    [
      150,
      249,
      99,
      50,
      0,
      0
    ]
  ],
  [
    [
      2426,
      2291,
      3088,
      137,
      962,
      0
    ],
    [
      150,
      249,
      99,
      50,
      0,
      0
    ]
  ],
  [
    [
      2436,
      2272,
      3082,
      138,
      962,
      0
    ],
    [
      150,
      249,
      0,
      50,
      0,
      0
    ]
  ],
  [
    [
      2450,
      2250,
      3079,
      141,
      962,
      0
    ],
    [
      150,
      249,
      0,
      50,
      0,
      0
    ]
  ],
  [
    [
      2463,
      2230,
      3077,
      147,
      962,
      0
    ],
    [
      200,
      299,
      49,
      100,
      0,
      0
    ]
  ],
  [
    [
      2480,
      2209,
      3072,
      154,
      962,
      0
    ],
    [
      300,
      299,
      99,
      100,
      0,
      0
    ]
  ],
  [
    [
      2498,
      2191,
      3067,
      160,
      962,
      0
    ],
    [
      250,
      249,
      49,
      50,
      0,
      0
    ]
  ],
  [
    [
      2517,
      2174,
      3062,
      165,
      962,
      0
    ],
    [
      250,
      249,
      99,
      100,
      0,
      0
    ]
  ],
  [
    [
      2535,
      2156,
      3056,
      171,
      962,
      0
    ],
    [
      300,
      249,
      99,
      0,
      0,
      0
    ]
  ],
  [
    [
      2555,
      2139,
      3050,
      172,
      962,
      0
    ],
    [
      300,
      249,
      99,
      0,
      0,
      0
    ]
  ],
  [
    [
      2576,
      2122,
      3044,
      175,
      962,
      0
    ],
    [
      300,
      249,
      49,
      50,
      0,
      0
    ]
  ],
  [
    [
      2576,
      2122,
      3044,
      175,
      962,
      0
    ],
    [
      250,
      249,
      99,
      50,
      0,
      0
    ]
  ],
  [
    [
      2597,
      2106,
      3037,
      178,
      962,
      0
    ],
    [
      250,
      199,
      99,
      0,
      0,
      0
    ]
  ],
  [
    [
      2617,
      2089,
      3031,
      178,
      962,
      0
    ],
    [
      250,
      249,
      49,
      0,
      0,
      0
    ]
  ],
  [
    [
      2635,
      2073,
      3025,
      178,
      962,
      0
    ],
    [
      250,
      249,
      49,
      0,
      0,
      0
    ]
  ],
  [
    [
      2655,
      2054,
      3019,
      178,
      962,
      0
    ],
    [
      350,
      249,
      99,
      0,
      0,
      0
    ]
  ],
  [
    [
      2671,
      2035,
      3015,
      178,
      962,
      0
    ],
    [
      250,
      249,
      49,
      0,
      0,
      0
    ]
  ],
  [
    [
      2684,
      2021,
      3007,
      178,
      962,
      0
    ],
    [
      200,
      199,
      99,
      0,
      0,
      0
    ]
  ],
  [
    [
      2696,
      2007,
      2999,
      179,
      962,
      0
    ],
    [
      150,
      249,
      99,
      0,
      0,
      0
    ]
  ],
  [
    [
      2708,
      1988,
      2992,
      182,
      962,
      0
    ],
    [
      150,
      249,
      49,
      100,
      0,
      0
    ]
  ],
  [
    [
      2722,
      1968,
      2984,
      188,
      962,
      0
    ],
    [
      200,
      299,
      99,
      50,
      0,
      0
    ]
  ],
  [
    [
      2735,
      1950,
      2974,
      195,
      962,
      0
    ],
    [
      200,
      249,
      149,
      100,
      0,
      0
    ]
  ],
  [
    [
      2747,
      1930,
      2962,
      203,
      962,
      0
    ],
    [
      200,
      299,
      149,
      100,
      0,
      0
    ]
  ],
  [
    [
      2747,
      1930,
      2962,
      203,
      962,
      0
    ],
    [
      100,
      249,
      199,
      150,
      0,
      0
    ]
  ],
  [
    [
      2758,
      1913,
      2950,
      211,
      962,
      0
    ],
    [
      150,
      249,
      199,
      150,
      0,
      0
    ]
  ],
  [
    [
      2768,
      1894,
      2936,
      220,
      962,
      0
    ],
    [
      150,
      249,
      199,
      150,
      0,
      0
    ]
  ],
  [
    [
      2776,
      1878,
      2923,
      230,
      962,
      0
    ],
    [
      100,
      249,
      199,
      100,
      0,
      0
    ]
  ],
  [
    [
      2784,
      1861,
      2915,
      241,
      962,
      0
    ],
    [
      100,
      249,
      99,
      150,
      0,
      0
    ]
  ],
  [
    [
      2790,
      1843,
      2913,
      252,
      962,
      0
    ],
    [
      100,
      249,
      49,
      150,
      0,
      0
    ]
  ],
  [
    [
      2801,
      1824,
      2910,
      264,
      962,
      0
    ],
    [
      150,
      249,
      49,
      150,
      0,
      0
    ]
  ],
  [
    [
      2813,
      1805,
      2907,
      276,
      962,
      0
    ],
    [
      150,
      299,
      49,
      200,
      0,
      0
    ]
  ],
  [
    [
      2825,
      1786,
      2907,
      287,
      962,
      0
    ],
    [
      150,
      249,
      0,
      150,
      0,
      0
    ]
  ],
  [
    [
      2834,
      1768,
      2907,
      300,
      962,
      0
    ],
    [
      150,
      249,
      0,
      150,
      0,
      0
    ]
  ],
  [
    [
      2846,
      1753,
      2907,
      311,
      962,
      0
    ],
    [
      150,
      249,
      0,
      150,
      0,
      0
    ]
  ],
  [
    [
      2846,
      1753,
      2907,
      311,
      962,
      0
    ],
    [
      200,
      249,
      0,
      150,
      0,
      0
    ]
  ],
  [
    [
      2858,
      1735,
      2907,
      322,
      962,
      0
    ],
    [
      100,
      249,
      0,
      150,
      0,
      0
    ]
  ],
  [
    [
      2869,
      1718,
      2907,
      333,
      962,
      0
    ],
    [
      100,
      249,
      0,
      150,
      0,
      0
    ]
  ],
  [
    [
      2881,
      1702,
      2907,
      346,
      962,
      0
    ],
    [
      150,
      199,
      0,
      150,
      0,
      0
    ]
  ],
  [
    [
      2889,
      1687,
      2906,
      359,
      961,
      0
    ],
    [
      150,
      149,
      49,
      150,
      49,
      0
    ]
  ],
  [
    [
      2898,
      1672,
      2903,
      371,
      961,
      0
    ],
    [
      150,
      199,
      49,
      200,
      0,
      0
    ]
  ],
  [
    [
      2905,
      1657,
      2899,
      382,
      959,
      0
    ],
    [
      150,
      249,
      99,
      150,
      0,
      0
    ]
  ],
  [
    [
      2910,
      1640,
      2897,
      394,
      951,
      0
    ],
    [
      100,
      249,
      49,
      150,
      149,
      0
    ]
  ],
  [
    [
      2916,
      1621,
      2894,
      404,
      938,
      0
    ],
    [
      100,
      299,
      49,
      150,
      149,
      0
    ]
  ],
  [
    [
      2924,
      1605,
      2889,
      413,
      919,
      0
    ],
    [
      100,
      199,
      49,
      100,
      299,
      0
    ]
  ],
  [
    [
      2924,
      1605,
      2889,
      413,
      919,
      0
    ],
    [
      50,
      249,
      49,
      150,
      299,
      0
    ]
  ],
  [
    [
      2931,
      1588,
      2884,
      424,
      897,
      0
    ],
    [
      100,
      199,
      49,
      200,
      349,
      0
    ]
  ],
  [
    [
      2937,
      1573,
      2880,
      435,
      871,
      0
    ],
    [
      100,
      199,
      49,
      200,
      349,
      0
    ]
  ],
  [
    [
      2944,
      1556,
      2874,
      444,
      844,
      0
    ],
    [
      100,
      249,
      99,
      150,
      299,
      0
    ]
  ],
  [
    [
      2946,
      1541,
      2868,
      454,
      815,
      0
    ],
    [
      0,
      249,
      99,
      150,
      399,
      0
    ]
  ],
  [
    [
      2950,
      1527,
      2862,
      465,
      786,
      0
    ],
    [
      50,
      199,
      99,
      200,
      399,
      0
    ]
  ],
  [
    [
      2953,
      1513,
      2857,
      476,
      759,
      0
    ],
    [
      50,
      199,
      99,
      150,
      349,
      0
    ]
  ],
  [
    [
      2958,
      1499,
      2850,
      487,
      731,
      0
    ],
    [
      50,
      199,
      99,
      150,
      349,
      0
    ]
  ],
  [
    [
      2964,
      1485,
      2842,
      497,
      702,
      0
    ],
    [
      50,
      199,
      99,
      200,
      349,
      0
    ]
  ],
  [
    [
      2970,
      1472,
      2833,
      508,
      675,
      0
    ],
    [
      100,
      199,
      99,
      150,
      349,
      0
    ]
  ],
  [
    [
      2973,
      1459,
      2823,
      521,
      648,
      0
    ],
    [
      100,
      199,
      99,
      150,
      349,
      0
    ]
  ],
  [
    [
      2973,
      1459,
      2823,
      521,
      648,
      0
    ],
    [
      50,
      199,
      199,
      200,
      349,
      0
    ]
  ],
  [
    [
      2978,
      1445,
      2812,
      534,
      623,
      0
    ],
    [
      50,
      199,
      199,
      200,
      349,
      0
    ]
  ],
  [
    [
      2980,
      1430,
      2802,
      548,
      599,
      0
    ],
    [
      50,
      199,
      149,
      200,
      349,
      0
    ]
  ],
  [
    [
      2985,
      1414,
      2795,
      561,
      575,
      0
    ],
    [
      100,
      199,
      149,
      200,
      349,
      0
    ]
  ],
  [
    [
      2988,
      1400,
      2785,
      575,
      551,
      0
    ],
    [
      50,
      149,
      149,
      150,
      349,
      0
    ]
  ],
  [
    [
      2992,
      1385,
      2776,
      589,
      529,
      0
    ],
    [
      100,
      249,
      149,
      200,
      299,
      0
    ]
  ],
  [
    [
      2996,
      1370,
      2767,
      602,
      506,
      0
    ],
    [
      50,
      199,
      149,
      150,
      349,
      0
    ]
  ],
  [
    [
      3002,
      1354,
      2756,
      614,
      484,
      0
    ],
    [
      50,
      249,
      149,
      200,
      299,
      0
    ]
  ],
  [
    [
      3009,
      1338,
      2745,
      626,
      462,
      0
    ],
    [
      50,
      249,
      149,
      150,
      349,
      0
    ]
  ],
  [
    [
      3012,
      1322,
      2732,
      637,
      441,
      0
    ],
    [
      50,
      249,
      149,
      150,
      299,
      0
    ]
  ],
  [
    [
      3017,
      1308,
      2719,
      647,
      423,
      0
    ],
    [
      50,
      199,
      149,
      100,
      249,
      0
    ]
  ],
  [
    [
      3017,
      1308,
      2719,
      647,
      423,
      0
    ],
    [
      50,
      199,
      149,
      100,
      199,
      0
    ]
  ],
  [
    [
      3020,
      1295,
      2705,
      656,
      407,
      0
    ],
    [
      100,
      199,
      199,
      100,
      199,
      0
    ]
  ],
  [
    [
      3026,
      1283,
      2691,
      663,
      392,
      0
    ],
    [
      100,
      199,
      199,
      100,
      199,
      0
    ]
  ],
  [
    [
      3030,
      1272,
      2677,
      669,
      380,
      0
    ],
    [
      100,
      99,
      199,
      50,
      149,
      0
    ]
  ],
  [
    [
      3034,
      1261,
      2663,
      674,
      368,
      0
    ],
    [
      50,
      149,
      199,
      100,
      149,
      0
    ]
  ],
  [
    [
      3038,
      1252,
      2650,
      676,
      356,
      0
    ],
    [
      50,
      99,
      149,
      0,
      199,
      0
    ]
  ],
  [
    [
      3041,
      1243,
      2640,
      678,
      345,
      0
    ],
    [
      0,
      149,
      149,
      50,
      149,
      0
    ]
  ],
  [
    [
      3042,
      1234,
      2630,
      681,
      337,
      0
    ],
    [
      0,
      99,
      149,
      50,
      99,
      0
    ]
  ],
  [
    [
      3042,
      1226,
      2621,
      681,
      333,
      0
    ],
    [
      0,
      99,
      149,
      0,
      0,
      0
    ]
  ],
  [
    [
      3042,
      1220,
      2612,
      681,
      333,
      0
    ],
    [
      0,
      99,
      149,
      0,
      0,
      0
    ]
  ],
  [
    [
      3042,
      1215,
      2604,
      681,
      333,
      0
    ],
    [
      0,
      99,
      149,
      0,
      0,
      0
    ]
  ],
  [
    [
      3042,
      1215,
      2604,
      681,
      333,
      0
    ],
    [
      0,
      49,
      99,
      0,
      50,
      0
    ]
  ],
  [
    [
      3042,
      1211,
      2595,
      682,
      335,
      0
    ],
    [
      0,
      49,
      99,
      0,
      50,
      0
    ]
  ],
  [
    [
      3042,
      1208,
      2587,
      683,
      335,
      0
    ],
    [
      0,
      49,
      99,
      50,
      0,
      0
    ]
  ],
  [
    [
      3042,
      1204,
      2580,
      686,
      335,
      0
    ],
    [
      0,
      49,
      99,
      0,
      0,
      0
    ]
  ],
  [
    [
      3042,
      1200,
      2575,
      689,
      336,
      0
    ],
    [
      0,
      49,
      49,
      50,
      0,
      0
    ]
  ],
  [
    [
      3042,
      1196,
      2570,
      689,
      336,
      0
    ],
    [
      0,
      49,
      49,
      0,
      0,
      0
    ]
  ],
  [
    [
      3042,
      1193,
      2563,
      689,
      336,
      0
    ],
    [
      0,
      49,
      99,
      0,
      0,
      0
    ]
  ]
]